#  TLB experiment
#  page size = 4096 bytes
#  max pages = 4096
#  total number or references = 1 Mi

#pages	 proc		 sum
1	 0.003716	 1048576
2	 0.003399	 1048576
3	 0.003371	 1048575
4	 0.003722	 1048576
5	 0.003037	 1048575
6	 0.002843	 1048572
7	 0.002667	 1048572
8	 0.002644	 1048576
9	 0.002728	 1048572
10	 0.002784	 1048570
11	 0.002685	 1048575
12	 0.002937	 1048572
13	 0.002713	 1048567
14	 0.002721	 1048572
15	 0.002724	 1048575
16	 0.002719	 1048576
17	 0.002848	 1048560
18	 0.002908	 1048572
19	 0.002902	 1048572
20	 0.002905	 1048560
21	 0.002937	 1048572
22	 0.002963	 1048564
23	 0.002866	 1048570
24	 0.002882	 1048560
25	 0.002750	 1048575
26	 0.002661	 1048554
27	 0.002704	 1048572
28	 0.002544	 1048572
29	 0.002528	 1048553
30	 0.002519	 1048560
31	 0.002509	 1048575
32	 0.002562	 1048576
33	 0.002798	 1048575
34	 0.002603	 1048560
35	 0.002612	 1048565
36	 0.002607	 1048572
37	 0.002602	 1048543
38	 0.002743	 1048572
39	 0.002598	 1048554
40	 0.002727	 1048560
41	 0.002581	 1048575
42	 0.002781	 1048572
43	 0.002615	 1048555
44	 0.002596	 1048564
45	 0.002632	 1048545
46	 0.002631	 1048570
47	 0.002654	 1048570
48	 0.002653	 1048560
49	 0.002666	 1048551
50	 0.002667	 1048550
51	 0.002667	 1048560
52	 0.002662	 1048528
53	 0.002657	 1048552
54	 0.002648	 1048572
55	 0.002640	 1048575
56	 0.002643	 1048544
57	 0.002635	 1048572
58	 0.002633	 1048524
59	 0.002641	 1048548
60	 0.002646	 1048560
61	 0.002635	 1048529
62	 0.002697	 1048544
63	 0.002887	 1048572
64	 0.002742	 1048576
65	 0.002847	 1048515
66	 0.002970	 1048542
67	 0.002787	 1048550
68	 0.002808	 1048560
69	 0.002807	 1048524
70	 0.003003	 1048530
71	 0.003705	 1048528
72	 0.002928	 1048536
73	 0.003258	 1048572
74	 0.002992	 1048506
75	 0.003024	 1048575
76	 0.003048	 1048572
77	 0.003062	 1048509
78	 0.003070	 1048554
79	 0.003076	 1048567
80	 0.003072	 1048560
81	 0.003060	 1048545
82	 0.003064	 1048534
83	 0.003074	 1048539
84	 0.003080	 1048572
85	 0.003056	 1048560
86	 0.003080	 1048512
87	 0.003061	 1048524
88	 0.003090	 1048520
89	 0.003091	 1048509
90	 0.003079	 1048500
91	 0.003093	 1048502
92	 0.003095	 1048524
93	 0.003033	 1048575
94	 0.003091	 1048570
95	 0.003090	 1048515
96	 0.003084	 1048512
97	 0.003078	 1048570
98	 0.003075	 1048502
99	 0.003064	 1048509
100	 0.003086	 1048500
101	 0.003080	 1048481
102	 0.003101	 1048560
103	 0.003103	 1048540
104	 0.003114	 1048528
105	 0.003113	 1048530
106	 0.003116	 1048552
107	 0.003103	 1048493
108	 0.003100	 1048572
109	 0.003107	 1048471
110	 0.003108	 1048520
111	 0.003117	 1048506
112	 0.003109	 1048544
113	 0.003108	 1048527
114	 0.003118	 1048572
115	 0.003134	 1048570
116	 0.003126	 1048524
117	 0.003138	 1048554
118	 0.003134	 1048548
119	 0.003129	 1048509
120	 0.003125	 1048560
121	 0.003118	 1048465
122	 0.003120	 1048468
123	 0.003122	 1048575
124	 0.003141	 1048544
125	 0.003129	 1048500
126	 0.003132	 1048572
127	 0.003150	 1048512
128	 0.003141	 1048576
129	 0.003138	 1048512
130	 0.003135	 1048450
131	 0.003142	 1048524
132	 0.003142	 1048476
133	 0.003138	 1048572
134	 0.003141	 1048550
135	 0.003145	 1048545
136	 0.003142	 1048560
137	 0.003148	 1048461
138	 0.003154	 1048524
139	 0.003155	 1048477
140	 0.003150	 1048460
141	 0.003151	 1048476
142	 0.003170	 1048528
143	 0.003172	 1048476
144	 0.003148	 1048464
145	 0.003146	 1048495
146	 0.003156	 1048572
147	 0.003159	 1048551
148	 0.003162	 1048432
149	 0.003160	 1048513
150	 0.003159	 1048500
151	 0.003161	 1048544
152	 0.003175	 1048496
153	 0.003164	 1048509
154	 0.003163	 1048432
155	 0.003162	 1048575
156	 0.003168	 1048476
157	 0.003168	 1048446
158	 0.003160	 1048488
159	 0.003166	 1048446
160	 0.003166	 1048480
161	 0.003163	 1048432
162	 0.003172	 1048464
163	 0.003168	 1048416
164	 0.003173	 1048452
165	 0.003175	 1048575
166	 0.003176	 1048456
167	 0.003173	 1048426
168	 0.003179	 1048488
169	 0.003180	 1048476
170	 0.003182	 1048560
171	 0.003177	 1048572
172	 0.003179	 1048512
173	 0.003170	 1048553
174	 0.003175	 1048524
175	 0.003181	 1048425
176	 0.003176	 1048432
177	 0.003174	 1048548
178	 0.003170	 1048420
179	 0.003220	 1048403
180	 0.003178	 1048500
181	 0.003176	 1048533
182	 0.003175	 1048502
183	 0.003174	 1048407
184	 0.003185	 1048432
185	 0.003174	 1048395
186	 0.003174	 1048482
187	 0.003175	 1048509
188	 0.003173	 1048476
189	 0.003175	 1048572
190	 0.003179	 1048420
191	 0.003183	 1048399
192	 0.003172	 1048512
193	 0.003170	 1048569
194	 0.005512	 1048570
195	 0.003515	 1048515
196	 0.003571	 1048404
197	 0.003528	 1048434
198	 0.003489	 1048410
199	 0.003491	 1048531
200	 0.003407	 1048400
201	 0.003263	 1048416
202	 0.003266	 1048380
203	 0.003252	 1048495
204	 0.003173	 1048560
205	 0.003183	 1048575
206	 0.003171	 1048540
207	 0.003170	 1048455
208	 0.003167	 1048528
209	 0.003167	 1048553
210	 0.003166	 1048530
211	 0.003163	 1048459
212	 0.003165	 1048552
213	 0.003166	 1048386
214	 0.003167	 1048386
215	 0.003169	 1048555
216	 0.003166	 1048464
217	 0.003167	 1048544
218	 0.003175	 1048362
219	 0.003168	 1048572
220	 0.003166	 1048520
221	 0.003169	 1048424
222	 0.003164	 1048506
223	 0.003164	 1048546
224	 0.003169	 1048544
225	 0.003169	 1048500
226	 0.003168	 1048414
227	 0.003167	 1048513
228	 0.003170	 1048572
229	 0.003167	 1048362
230	 0.003169	 1048570
231	 0.003165	 1048509
232	 0.003161	 1048408
233	 0.003163	 1048500
234	 0.003160	 1048554
235	 0.003166	 1048570
236	 0.003170	 1048548
237	 0.003163	 1048488
238	 0.003164	 1048390
239	 0.003164	 1048493
240	 0.003162	 1048560
241	 0.003164	 1048350
242	 0.003162	 1048344
243	 0.003164	 1048545
244	 0.003163	 1048468
245	 0.003162	 1048355
246	 0.003164	 1048452
247	 0.003163	 1048515
248	 0.003167	 1048544
249	 0.003165	 1048539
250	 0.003163	 1048500
251	 0.003164	 1048427
252	 0.003171	 1048572
253	 0.003172	 1048432
254	 0.003165	 1048512
255	 0.003221	 1048560
256	 0.003160	 1048576
257	 0.003163	 1048560
258	 0.003163	 1048512
259	 0.003162	 1048432
260	 0.003162	 1048320
261	 0.003159	 1048437
262	 0.003164	 1048524
263	 0.003162	 1048318
264	 0.003164	 1048344
265	 0.003175	 1048340
266	 0.003162	 1048572
267	 0.003166	 1048509
268	 0.003172	 1048416
269	 0.003163	 1048562
270	 0.003163	 1048410
271	 0.003162	 1048499
272	 0.003164	 1048560
273	 0.003159	 1048320
274	 0.003159	 1048324
275	 0.003159	 1048575
276	 0.003162	 1048524
277	 0.003161	 1048445
278	 0.003160	 1048338
279	 0.003159	 1048482
280	 0.003159	 1048320
281	 0.003160	 1048411
282	 0.003160	 1048476
283	 0.003160	 1048515
284	 0.003165	 1048528
285	 0.003158	 1048515
286	 0.003163	 1048476
287	 0.003160	 1048411
288	 0.003161	 1048320
289	 0.003158	 1048492
290	 0.003156	 1048350
291	 0.003159	 1048473
292	 0.003160	 1048572
293	 0.003159	 1048354
294	 0.003159	 1048404
295	 0.003156	 1048430
296	 0.003159	 1048432
297	 0.003159	 1048410
298	 0.003157	 1048364
299	 0.003153	 1048294
300	 0.003160	 1048500
301	 0.003157	 1048383
302	 0.003159	 1048544
303	 0.003157	 1048380
304	 0.003155	 1048496
305	 0.003156	 1048285
306	 0.003158	 1048356
307	 0.003157	 1048405
308	 0.003159	 1048432
309	 0.003156	 1048437
310	 0.003156	 1048420
311	 0.003154	 1048381
312	 0.003164	 1048320
313	 0.003155	 1048550
314	 0.003156	 1048446
315	 0.003156	 1048320
316	 0.003161	 1048488
317	 0.003154	 1048319
318	 0.003154	 1048446
319	 0.003155	 1048553
320	 0.003155	 1048320
321	 0.003154	 1048386
322	 0.003154	 1048432
323	 0.003152	 1048458
324	 0.003155	 1048464
325	 0.003155	 1048450
326	 0.003155	 1048416
327	 0.003153	 1048362
328	 0.003152	 1048288
329	 0.003157	 1048523
330	 0.003155	 1048410
331	 0.003160	 1048277
332	 0.003154	 1048456
333	 0.003151	 1048284
334	 0.003155	 1048426
335	 0.003156	 1048550
336	 0.003155	 1048320
337	 0.003151	 1048407
338	 0.003154	 1048476
339	 0.003155	 1048527
340	 0.003156	 1048560
341	 0.003162	 1048575
342	 0.003153	 1048572
343	 0.003153	 1048551
344	 0.003154	 1048512
345	 0.003151	 1048455
346	 0.003152	 1048380
347	 0.003156	 1048287
348	 0.003157	 1048524
349	 0.003159	 1048396
350	 0.003153	 1048250
351	 0.003154	 1048437
352	 0.003154	 1048256
353	 0.003153	 1048410
354	 0.003156	 1048548
355	 0.003153	 1048315
356	 0.003149	 1048420
357	 0.003155	 1048509
358	 0.003151	 1048224
359	 0.003151	 1048280
360	 0.003163	 1048320
361	 0.003149	 1048344
362	 0.003152	 1048352
363	 0.003158	 1048344
364	 0.003154	 1048320
365	 0.003151	 1048280
366	 0.003147	 1048224
367	 0.003151	 1048519
368	 0.003151	 1048432
369	 0.003169	 1048329
370	 0.003150	 1048210
371	 0.003153	 1048446
372	 0.003153	 1048296
373	 0.003157	 1048503
374	 0.003155	 1048322
375	 0.003153	 1048500
376	 0.003200	 1048288
377	 0.003158	 1048437
378	 0.003155	 1048572
379	 0.003163	 1048314
380	 0.003151	 1048420
381	 0.003155	 1048512
382	 0.003152	 1048208
383	 0.005238	 1048271
384	 0.003159	 1048320
385	 0.003184	 1048355
386	 0.003248	 1048376
387	 0.003151	 1048383
388	 0.003482	 1048376
389	 0.003158	 1048355
390	 0.003177	 1048320
391	 0.003154	 1048271
392	 0.003152	 1048208
393	 0.003149	 1048524
394	 0.003165	 1048434
395	 0.003155	 1048330
396	 0.003155	 1048212
397	 0.003152	 1048477
398	 0.003154	 1048332
399	 0.003155	 1048572
400	 0.003153	 1048400
401	 0.003152	 1048214
402	 0.003150	 1048416
403	 0.003150	 1048203
404	 0.003150	 1048380
405	 0.003152	 1048545
406	 0.003153	 1048292
407	 0.003159	 1048432
408	 0.003154	 1048560
409	 0.003152	 1048267
410	 0.003159	 1048370
411	 0.003151	 1048461
412	 0.003153	 1048540
413	 0.003150	 1048194
414	 0.003149	 1048248
415	 0.003149	 1048290
416	 0.003149	 1048320
417	 0.003156	 1048338
418	 0.003154	 1048344
419	 0.003153	 1048338
420	 0.003153	 1048320
421	 0.003149	 1048290
422	 0.003151	 1048248
423	 0.003151	 1048194
424	 0.003160	 1048552
425	 0.003152	 1048475
426	 0.003155	 1048386
427	 0.003152	 1048285
428	 0.003151	 1048172
429	 0.003151	 1048476
430	 0.003150	 1048340
431	 0.003151	 1048192
432	 0.003152	 1048464
433	 0.003150	 1048293
434	 0.003155	 1048544
435	 0.003148	 1048350
436	 0.003149	 1048144
437	 0.003149	 1048363
438	 0.003149	 1048572
439	 0.003158	 1048332
440	 0.003150	 1048520
441	 0.003153	 1048257
442	 0.003155	 1048424
443	 0.003151	 1048138
444	 0.003150	 1048284
445	 0.003148	 1048420
446	 0.003156	 1048546
447	 0.003150	 1048215
448	 0.003149	 1048320
449	 0.003146	 1048415
450	 0.003157	 1048500
451	 0.003152	 1048575
452	 0.003149	 1048188
453	 0.003148	 1048242
454	 0.003155	 1048286
455	 0.003147	 1048320
456	 0.003147	 1048344
457	 0.003148	 1048358
458	 0.003154	 1048362
459	 0.003147	 1048356
460	 0.003149	 1048340
461	 0.003149	 1048314
462	 0.003148	 1048278
463	 0.003146	 1048232
464	 0.003211	 1048176
465	 0.003152	 1048575
466	 0.003149	 1048500
467	 0.003148	 1048415
468	 0.003146	 1048320
469	 0.003147	 1048215
470	 0.003150	 1048570
471	 0.003148	 1048446
472	 0.003148	 1048312
473	 0.003150	 1048168
474	 0.003149	 1048488
475	 0.003146	 1048325
476	 0.003148	 1048152
477	 0.003148	 1048446
478	 0.003147	 1048254
479	 0.003150	 1048531
480	 0.003148	 1048320
481	 0.003147	 1048099
482	 0.003147	 1048350
483	 0.003149	 1048110
484	 0.003149	 1048344
485	 0.003148	 1048570
486	 0.003148	 1048302
487	 0.003145	 1048511
488	 0.003149	 1048224
489	 0.003154	 1048416
490	 0.003148	 1048110
491	 0.003149	 1048285
492	 0.003147	 1048452
493	 0.003147	 1048118
494	 0.003146	 1048268
495	 0.003147	 1048410
496	 0.003146	 1048544
497	 0.003146	 1048173
498	 0.003147	 1048290
499	 0.003153	 1048399
500	 0.003149	 1048500
501	 0.003144	 1048092
502	 0.003171	 1048176
503	 0.003147	 1048252
504	 0.003147	 1048320
505	 0.003152	 1048380
506	 0.003145	 1048432
507	 0.003146	 1048476
508	 0.003145	 1048512
509	 0.003146	 1048540
510	 0.003146	 1048560
511	 0.003147	 1048572
512	 0.003149	 1048576
513	 0.003147	 1048572
514	 0.003147	 1048560
515	 0.003146	 1048540
516	 0.003149	 1048512
517	 0.003148	 1048476
518	 0.003147	 1048432
519	 0.003145	 1048380
520	 0.003145	 1048320
521	 0.003150	 1048252
522	 0.003146	 1048176
523	 0.003145	 1048092
524	 0.003146	 1048524
525	 0.003143	 1048425
526	 0.003147	 1048318
527	 0.003147	 1048203
528	 0.003146	 1048080
529	 0.003144	 1048478
530	 0.003146	 1048340
531	 0.003146	 1048194
532	 0.003145	 1048572
533	 0.003145	 1048411
534	 0.003143	 1048242
535	 0.003148	 1048065
536	 0.003147	 1048416
537	 0.003152	 1048224
538	 0.003148	 1048562
539	 0.003143	 1048355
540	 0.003146	 1048140
541	 0.003146	 1048458
542	 0.003146	 1048228
543	 0.003143	 1048533
544	 0.003145	 1048288
545	 0.003144	 1048035
546	 0.003146	 1048320
547	 0.003144	 1048052
548	 0.003145	 1048324
549	 0.003146	 1048041
550	 0.003155	 1048300
551	 0.003149	 1048553
552	 0.003145	 1048248
553	 0.003152	 1048488
554	 0.003145	 1048168
555	 0.003145	 1048395
556	 0.003143	 1048060
557	 0.003142	 1048274
558	 0.003145	 1048482
559	 0.003143	 1048125
560	 0.003146	 1048320
561	 0.003147	 1048509
562	 0.003143	 1048130
563	 0.003146	 1048306
564	 0.003144	 1048476
565	 0.003144	 1048075
566	 0.003145	 1048232
567	 0.003143	 1048383
568	 0.003147	 1048528
569	 0.003150	 1048098
570	 0.003144	 1048230
571	 0.003144	 1048356
572	 0.003209	 1048476
573	 0.003154	 1048017
574	 0.003149	 1048124
575	 0.003148	 1048225
576	 0.004698	 1048320
577	 0.003768	 1048409
578	 0.003149	 1048492
579	 0.003147	 1048569
580	 0.003196	 1048060
581	 0.003149	 1048124
582	 0.003213	 1048182
583	 0.003148	 1048234
584	 0.003156	 1048280
585	 0.003150	 1048320
586	 0.003148	 1048354
587	 0.003148	 1048382
588	 0.003145	 1048404
589	 0.003148	 1048420
590	 0.003148	 1048430
591	 0.003148	 1048434
592	 0.003157	 1048432
593	 0.003146	 1048424
594	 0.003147	 1048410
595	 0.003146	 1048390
596	 0.003156	 1048364
597	 0.003146	 1048332
598	 0.003143	 1048294
599	 0.003146	 1048250
600	 0.003150	 1048200
601	 0.003147	 1048144
602	 0.003146	 1048082
603	 0.003144	 1048014
604	 0.003147	 1048544
605	 0.003146	 1048465
606	 0.003147	 1048380
607	 0.003145	 1048289
608	 0.003146	 1048192
609	 0.003145	 1048089
610	 0.003146	 1047980
611	 0.003147	 1048476
612	 0.003143	 1048356
613	 0.003146	 1048230
614	 0.003145	 1048098
615	 0.003145	 1048575
616	 0.003152	 1048432
617	 0.003144	 1048283
618	 0.003147	 1048128
619	 0.003145	 1047967
620	 0.003146	 1048420
621	 0.003145	 1048248
622	 0.003145	 1048070
623	 0.003146	 1048509
624	 0.003145	 1048320
625	 0.003144	 1048125
626	 0.003143	 1048550
627	 0.003145	 1048344
628	 0.003145	 1048132
629	 0.003146	 1048543
630	 0.003146	 1048320
631	 0.003142	 1048091
632	 0.003152	 1048488
633	 0.003146	 1048248
634	 0.003144	 1048002
635	 0.003143	 1048385
636	 0.003144	 1048128
637	 0.003147	 1048502
638	 0.003145	 1048234
639	 0.003144	 1047960
640	 0.003144	 1048320
641	 0.003144	 1048035
642	 0.003146	 1048386
643	 0.003143	 1048090
644	 0.003152	 1048432
645	 0.003142	 1048125
646	 0.003145	 1048458
647	 0.003144	 1048140
648	 0.003151	 1048464
649	 0.004623	 1048135
650	 0.004955	 1048450
651	 0.005064	 1048110
652	 0.005076	 1048416
653	 0.005169	 1048065
654	 0.005271	 1048362
655	 0.005218	 1048000
656	 0.005300	 1048288
657	 0.005357	 1048572
658	 0.005534	 1048194
659	 0.005565	 1048469
660	 0.005519	 1048080
661	 0.005609	 1048346
662	 0.005524	 1047946
663	 0.005732	 1048203
664	 0.005701	 1048456
665	 0.005720	 1048040
666	 0.005705	 1048284
667	 0.005713	 1048524
668	 0.005676	 1048092
669	 0.005739	 1048323
670	 0.005676	 1048550
671	 0.005723	 1048102
672	 0.005672	 1048320
673	 0.005712	 1048534
674	 0.005679	 1048070
675	 0.005700	 1048275
676	 0.005690	 1048476
677	 0.005682	 1047996
678	 0.005644	 1048188
679	 0.005750	 1048376
680	 0.005559	 1048560
681	 0.006082	 1048059
682	 0.004502	 1048234
683	 0.004222	 1048405
684	 0.004060	 1048572
685	 0.004079	 1048050
686	 0.004914	 1048208
687	 0.004170	 1048362
688	 0.004080	 1048512
689	 0.004010	 1047969
690	 0.003994	 1048110
691	 0.003985	 1048247
692	 0.003981	 1048380
693	 0.004019	 1048509
694	 0.004010	 1047940
695	 0.004026	 1048060
696	 0.004041	 1048176
697	 0.004232	 1048288
698	 0.004217	 1048396
699	 0.004195	 1048500
700	 0.004263	 1047900
701	 0.004346	 1047995
702	 0.004349	 1048086
703	 0.004333	 1048173
704	 0.004368	 1048256
705	 0.004355	 1048335
706	 0.004315	 1048410
707	 0.004341	 1048481
708	 0.004339	 1048548
709	 0.004340	 1047902
710	 0.004355	 1047960
711	 0.004324	 1048014
712	 0.004749	 1048064
713	 0.004653	 1048110
714	 0.006035	 1048152
715	 0.006192	 1048190
716	 0.006485	 1048224
717	 0.006679	 1048254
718	 0.005988	 1048280
719	 0.006319	 1048302
720	 0.006789	 1048320
721	 0.006342	 1048334
722	 0.006915	 1048344
723	 0.007157	 1048350
724	 0.007003	 1048352
725	 0.007212	 1048350
726	 0.007142	 1048344
727	 0.007112	 1048334
728	 0.007112	 1048320
729	 0.007155	 1048302
730	 0.007228	 1048280
731	 0.006802	 1048254
732	 0.006756	 1048224
733	 0.006747	 1048190
734	 0.006751	 1048152
735	 0.006723	 1048110
736	 0.007342	 1048064
737	 0.007355	 1048014
738	 0.007292	 1047960
739	 0.007338	 1047902
740	 0.007334	 1047840
741	 0.007340	 1048515
742	 0.007332	 1048446
743	 0.007330	 1048373
744	 0.007388	 1048296
745	 0.007374	 1048215
746	 0.007535	 1048130
747	 0.007582	 1048041
748	 0.007519	 1047948
749	 0.007527	 1047851
750	 0.007574	 1048500
751	 0.007511	 1048396
752	 0.007551	 1048288
753	 0.007583	 1048176
754	 0.007510	 1048060
755	 0.007539	 1047940
756	 0.007528	 1048572
757	 0.007522	 1048445
758	 0.007507	 1048314
759	 0.007510	 1048179
760	 0.007510	 1048040
761	 0.007488	 1047897
762	 0.007475	 1048512
763	 0.007480	 1048362
764	 0.007469	 1048208
765	 0.007425	 1048050
766	 0.007488	 1047888
767	 0.007425	 1048489
768	 0.007468	 1048320
769	 0.007490	 1048147
770	 0.007427	 1047970
771	 0.007471	 1048560
772	 0.007457	 1048376
773	 0.007475	 1048188
774	 0.007454	 1047996
775	 0.007442	 1048575
776	 0.007434	 1048376
777	 0.007425	 1048173
778	 0.007407	 1047966
779	 0.007411	 1048534
780	 0.006558	 1048320
781	 0.005353	 1048102
782	 0.005284	 1047880
783	 0.005304	 1048437
784	 0.005310	 1048208
785	 0.005284	 1047975
786	 0.005217	 1048524
787	 0.005112	 1048284
788	 0.005056	 1048040
789	 0.005050	 1047792
790	 0.004932	 1048330
791	 0.004980	 1048075
792	 0.005073	 1047816
793	 0.005139	 1048346
794	 0.005191	 1048080
795	 0.005162	 1047810
796	 0.005176	 1048332
797	 0.005190	 1048055
798	 0.005143	 1048572
799	 0.005179	 1048288
800	 0.005126	 1048000
801	 0.005143	 1048509
802	 0.007075	 1048214
803	 0.007319	 1047915
804	 0.007310	 1048416
805	 0.007311	 1048110
806	 0.007296	 1047800
807	 0.007289	 1048293
808	 0.007387	 1047976
809	 0.007451	 1048464
810	 0.007776	 1048140
811	 0.007791	 1047812
812	 0.007937	 1048292
813	 0.008025	 1047957
814	 0.007962	 1048432
815	 0.008122	 1048090
816	 0.008118	 1048560
817	 0.007953	 1048211
818	 0.007525	 1047858
819	 0.007548	 1048320
820	 0.007567	 1047960
821	 0.007494	 1048417
822	 0.007520	 1048050
823	 0.005807	 1048502
824	 0.005652	 1048128
825	 0.005563	 1048575
826	 0.005585	 1048194
827	 0.005693	 1047809
828	 0.005906	 1048248
829	 0.005885	 1047856
830	 0.005909	 1048290
831	 0.007285	 1047891
832	 0.007299	 1048320
833	 0.007294	 1047914
834	 0.007289	 1048338
835	 0.006354	 1047925
836	 0.005540	 1048344
837	 0.005747	 1047924
838	 0.005802	 1048338
839	 0.007326	 1047911
840	 0.007734	 1048320
841	 0.007258	 1047886
842	 0.007305	 1048290
843	 0.007261	 1047849
844	 0.007282	 1048248
845	 0.007268	 1047800
846	 0.007287	 1048194
847	 0.007274	 1047739
848	 0.007268	 1048128
849	 0.007105	 1048515
850	 0.005574	 1048050
851	 0.007235	 1048432
852	 0.007278	 1047960
853	 0.007211	 1048337
854	 0.007239	 1047858
855	 0.007225	 1048230
856	 0.007232	 1047744
857	 0.007223	 1048111
858	 0.007197	 1048476
859	 0.007199	 1047980
860	 0.007191	 1048340
861	 0.007142	 1047837
862	 0.007210	 1048192
863	 0.007146	 1048545
864	 0.007178	 1048032
865	 0.007132	 1048380
866	 0.007150	 1047860
867	 0.007270	 1048203
868	 0.007246	 1048544
869	 0.007262	 1048014
870	 0.007256	 1048350
871	 0.007211	 1047813
872	 0.007271	 1048144
873	 0.007210	 1048473
874	 0.007240	 1047926
875	 0.007267	 1048250
876	 0.007221	 1048572
877	 0.007255	 1048015
878	 0.007236	 1048332
879	 0.007245	 1047768
880	 0.007239	 1048080
881	 0.007228	 1048390
882	 0.007253	 1047816
883	 0.007248	 1048121
884	 0.007217	 1048424
885	 0.007261	 1047840
886	 0.007198	 1048138
887	 0.007229	 1048434
888	 0.007213	 1047840
889	 0.007212	 1048131
890	 0.007205	 1048420
891	 0.007039	 1047816
892	 0.007196	 1048100
893	 0.007955	 1048382
894	 0.007701	 1047768
895	 0.007963	 1048045
896	 0.007939	 1048320
897	 0.007922	 1047696
898	 0.007433	 1047966
899	 0.007549	 1048234
900	 0.006136	 1048500
901	 0.005883	 1047863
902	 0.005535	 1048124
903	 0.005455	 1048383
904	 0.005508	 1047736
905	 0.005473	 1047990
906	 0.005439	 1048242
907	 0.005278	 1048492
908	 0.005467	 1047832
909	 0.005372	 1048077
910	 0.005457	 1048320
911	 0.005371	 1048561
912	 0.005374	 1047888
913	 0.005297	 1048124
914	 0.005316	 1048358
915	 0.005635	 1047675
916	 0.005593	 1047904
917	 0.005650	 1048131
918	 0.005725	 1048356
919	 0.005826	 1047660
920	 0.005939	 1047880
921	 0.005969	 1048098
922	 0.005953	 1048314
923	 0.006013	 1048528
924	 0.007602	 1047816
925	 0.008533	 1048025
926	 0.008498	 1048232
927	 0.008663	 1048437
928	 0.008697	 1047712
929	 0.008712	 1047912
930	 0.008709	 1048110
931	 0.008694	 1048306
932	 0.008712	 1048500
933	 0.008701	 1047759
934	 0.008777	 1047948
935	 0.008873	 1048135
936	 0.008839	 1048320
937	 0.008751	 1048503
938	 0.008755	 1047746
939	 0.008773	 1047924
940	 0.008717	 1048100
941	 0.008808	 1048274
942	 0.008683	 1048446
943	 0.008743	 1047673
944	 0.008766	 1047840
945	 0.008669	 1048005
946	 0.008775	 1048168
947	 0.008876	 1048329
948	 0.008817	 1048488
949	 0.008709	 1047696
950	 0.008806	 1047850
951	 0.008808	 1048002
952	 0.008879	 1048152
953	 0.008726	 1048300
954	 0.008740	 1048446
955	 0.008735	 1047635
956	 0.009268	 1047776
957	 0.008635	 1047915
958	 0.008911	 1048052
959	 0.009180	 1048187
960	 0.009007	 1048320
961	 0.008991	 1048451
962	 0.009170	 1047618
963	 0.008971	 1047744
964	 0.009094	 1047868
965	 0.010607	 1047990
966	 0.009077	 1048110
967	 0.009111	 1048228
968	 0.009280	 1048344
969	 0.009330	 1048458
970	 0.010014	 1048570
971	 0.009812	 1047709
972	 0.010314	 1047816
973	 0.008223	 1047921
974	 0.007521	 1048024
975	 0.007350	 1048125
976	 0.007419	 1048224
977	 0.007366	 1048321
978	 0.006753	 1048416
979	 0.006711	 1048509
980	 0.006677	 1047620
981	 0.006714	 1047708
982	 0.006776	 1047794
983	 0.006752	 1047878
984	 0.006726	 1047960
985	 0.007348	 1048040
986	 0.008888	 1048118
987	 0.009054	 1048194
988	 0.009117	 1048268
989	 0.009106	 1048340
990	 0.009114	 1048410
991	 0.009166	 1048478
992	 0.009675	 1048544
993	 0.009607	 1047615
994	 0.009627	 1047676
995	 0.009800	 1047735
996	 0.009817	 1047792
997	 0.009871	 1047847
998	 0.009817	 1047900
999	 0.009793	 1047951
1000	 0.009803	 1048000
1001	 0.009799	 1048047
1002	 0.009821	 1048092
1003	 0.009793	 1048135
1004	 0.009777	 1048176
1005	 0.009798	 1048215
1006	 0.009788	 1048252
1007	 0.009813	 1048287
1008	 0.009770	 1048320
1009	 0.009769	 1048351
1010	 0.009785	 1048380
1011	 0.009808	 1048407
1012	 0.009800	 1048432
1013	 0.009783	 1048455
1014	 0.009815	 1048476
1015	 0.009801	 1048495
1016	 0.009825	 1048512
1017	 0.009792	 1048527
1018	 0.009797	 1048540
1019	 0.008589	 1048551
1020	 0.007186	 1048560
1021	 0.009313	 1048567
1022	 0.009533	 1048572
1023	 0.009590	 1048575
1024	 0.009777	 1048576
1025	 0.009797	 1048575
1026	 0.009785	 1048572
1027	 0.009898	 1048567
1028	 0.009905	 1048560
1029	 0.009910	 1048551
1030	 0.009849	 1048540
1031	 0.009828	 1048527
1032	 0.009844	 1048512
1033	 0.009839	 1048495
1034	 0.009877	 1048476
1035	 0.009851	 1048455
1036	 0.008885	 1048432
1037	 0.010550	 1048407
1038	 0.010680	 1048380
1039	 0.011113	 1048351
1040	 0.010438	 1048320
1041	 0.011218	 1048287
1042	 0.011375	 1048252
1043	 0.011343	 1048215
1044	 0.010502	 1048176
1045	 0.010409	 1048135
1046	 0.010421	 1048092
1047	 0.010443	 1048047
1048	 0.010425	 1048000
1049	 0.010429	 1047951
1050	 0.010444	 1047900
1051	 0.010408	 1047847
1052	 0.010445	 1047792
1053	 0.010410	 1047735
1054	 0.010399	 1047676
1055	 0.010403	 1047615
1056	 0.010386	 1047552
1057	 0.010411	 1048544
1058	 0.010374	 1048478
1059	 0.010422	 1048410
1060	 0.010363	 1048340
1061	 0.010349	 1048268
1062	 0.010344	 1048194
1063	 0.010354	 1048118
1064	 0.010323	 1048040
1065	 0.010334	 1047960
1066	 0.010332	 1047878
1067	 0.008606	 1047794
1068	 0.010094	 1047708
1069	 0.010100	 1047620
1070	 0.007923	 1047530
1071	 0.007166	 1048509
1072	 0.007047	 1048416
1073	 0.009763	 1048321
1074	 0.009667	 1048224
1075	 0.009758	 1048125
1076	 0.011392	 1048024
1077	 0.010353	 1047921
1078	 0.009800	 1047816
1079	 0.009901	 1047709
1080	 0.010046	 1047600
1081	 0.010154	 1048570
1082	 0.010110	 1048458
1083	 0.010083	 1048344
1084	 0.009157	 1048228
1085	 0.007460	 1048110
1086	 0.007193	 1047990
1087	 0.007195	 1047868
1088	 0.008551	 1047744
1089	 0.009681	 1047618
1090	 0.009747	 1047490
1091	 0.009983	 1048451
1092	 0.010129	 1048320
1093	 0.010096	 1048187
1094	 0.010125	 1048052
1095	 0.010272	 1047915
1096	 0.010467	 1047776
1097	 0.011141	 1047635
1098	 0.011231	 1047492
1099	 0.011390	 1048446
1100	 0.011460	 1048300
1101	 0.011693	 1048152
1102	 0.011765	 1048002
1103	 0.011118	 1047850
1104	 0.010861	 1047696
1105	 0.010642	 1047540
1106	 0.010639	 1048488
1107	 0.010735	 1048329
1108	 0.010645	 1048168
1109	 0.010684	 1048005
1110	 0.010669	 1047840
1111	 0.010667	 1047673
1112	 0.010663	 1047504
1113	 0.010659	 1048446
1114	 0.010687	 1048274
1115	 0.010634	 1048100
1116	 0.010687	 1047924
1117	 0.010670	 1047746
1118	 0.010700	 1047566
1119	 0.010656	 1048503
1120	 0.010662	 1048320
1121	 0.010683	 1048135
1122	 0.010660	 1047948
1123	 0.010609	 1047759
1124	 0.010606	 1047568
1125	 0.010640	 1048500
1126	 0.010606	 1048306
1127	 0.010649	 1048110
1128	 0.010654	 1047912
1129	 0.010641	 1047712
1130	 0.010645	 1047510
1131	 0.010750	 1048437
1132	 0.010701	 1048232
1133	 0.010698	 1048025
1134	 0.010738	 1047816
1135	 0.010611	 1047605
1136	 0.010677	 1048528
1137	 0.010647	 1048314
1138	 0.010661	 1048098
1139	 0.010723	 1047880
1140	 0.010664	 1047660
1141	 0.010729	 1047438
1142	 0.010746	 1048356
1143	 0.010763	 1048131
1144	 0.010716	 1047904
1145	 0.010718	 1047675
1146	 0.010807	 1047444
1147	 0.010872	 1048358
1148	 0.010830	 1048124
1149	 0.010909	 1047888
1150	 0.010919	 1047650
1151	 0.010902	 1048561
1152	 0.011650	 1048320
1153	 0.011640	 1048077
1154	 0.012263	 1047832
1155	 0.012236	 1047585
1156	 0.012269	 1048492
1157	 0.012478	 1048242
1158	 0.011589	 1047990
1159	 0.011341	 1047736
1160	 0.011296	 1047480
1161	 0.011267	 1048383
1162	 0.011248	 1048124
1163	 0.011262	 1047863
1164	 0.011544	 1047600
1165	 0.011621	 1048500
1166	 0.010619	 1048234
1167	 0.010585	 1047966
1168	 0.010971	 1047696
1169	 0.010947	 1047424
1170	 0.011073	 1048320
1171	 0.011613	 1048045
1172	 0.010864	 1047768
1173	 0.010988	 1047489
1174	 0.009472	 1048382
1175	 0.010751	 1048100
1176	 0.010978	 1047816
1177	 0.011026	 1047530
1178	 0.011001	 1048420
1179	 0.011062	 1048131
1180	 0.011012	 1047840
1181	 0.011062	 1047547
1182	 0.011055	 1048434
1183	 0.011005	 1048138
1184	 0.011087	 1047840
1185	 0.011001	 1047540
1186	 0.011041	 1048424
1187	 0.011071	 1048121
1188	 0.011021	 1047816
1189	 0.011017	 1047509
1190	 0.011048	 1048390
1191	 0.011044	 1048080
1192	 0.011051	 1047768
1193	 0.011106	 1047454
1194	 0.010992	 1048332
1195	 0.010969	 1048015
1196	 0.010979	 1047696
1197	 0.010943	 1048572
1198	 0.011170	 1048250
1199	 0.011218	 1047926
1200	 0.011222	 1047600
1201	 0.011216	 1048473
1202	 0.011191	 1048144
1203	 0.011213	 1047813
1204	 0.011212	 1047480
1205	 0.011239	 1048350
1206	 0.010670	 1048014
1207	 0.011570	 1047676
1208	 0.012103	 1048544
1209	 0.012087	 1048203
1210	 0.012442	 1047860
1211	 0.012118	 1047515
1212	 0.011534	 1048380
1213	 0.011505	 1048032
1214	 0.011479	 1047682
1215	 0.011593	 1048545
1216	 0.011541	 1048192
1217	 0.011562	 1047837
1218	 0.011780	 1047480
1219	 0.012008	 1048340
1220	 0.011983	 1047980
1221	 0.012056	 1047618
1222	 0.012187	 1048476
1223	 0.012415	 1048111
1224	 0.012391	 1047744
1225	 0.012434	 1047375
1226	 0.012379	 1048230
1227	 0.012391	 1047858
1228	 0.012371	 1047484
1229	 0.012428	 1048337
1230	 0.012473	 1047960
1231	 0.012455	 1047581
1232	 0.012508	 1048432
1233	 0.012430	 1048050
1234	 0.012597	 1047666
1235	 0.012577	 1048515
1236	 0.012571	 1048128
1237	 0.012635	 1047739
1238	 0.011704	 1047348
1239	 0.012056	 1048194
1240	 0.012195	 1047800
1241	 0.011641	 1047404
1242	 0.012530	 1048248
1243	 0.012689	 1047849
1244	 0.012825	 1047448
1245	 0.009385	 1048290
1246	 0.009173	 1047886
1247	 0.008936	 1047480
1248	 0.008790	 1048320
1249	 0.008731	 1047911
1250	 0.008648	 1047500
1251	 0.008609	 1048338
1252	 0.008531	 1047924
1253	 0.008453	 1047508
1254	 0.008755	 1048344
1255	 0.008620	 1047925
1256	 0.008550	 1047504
1257	 0.008775	 1048338
1258	 0.008777	 1047914
1259	 0.008906	 1047488
1260	 0.008489	 1048320
1261	 0.009426	 1047891
1262	 0.009002	 1047460
1263	 0.009260	 1048290
1264	 0.009345	 1047856
1265	 0.009426	 1047420
1266	 0.009359	 1048248
1267	 0.009504	 1047809
1268	 0.009427	 1047368
1269	 0.008859	 1048194
1270	 0.008701	 1047750
1271	 0.008396	 1048575
1272	 0.008875	 1048128
1273	 0.010130	 1047679
1274	 0.009395	 1048502
1275	 0.008581	 1048050
1276	 0.008629	 1047596
1277	 0.008530	 1048417
1278	 0.008591	 1047960
1279	 0.008789	 1047501
1280	 0.008567	 1048320
1281	 0.008821	 1047858
1282	 0.008948	 1047394
1283	 0.009084	 1048211
1284	 0.009079	 1047744
1285	 0.008423	 1048560
1286	 0.008931	 1048090
1287	 0.008792	 1047618
1288	 0.008727	 1048432
1289	 0.008824	 1047957
1290	 0.008750	 1047480
1291	 0.008760	 1048292
1292	 0.008780	 1047812
1293	 0.008583	 1047330
1294	 0.008922	 1048140
1295	 0.008958	 1047655
1296	 0.008819	 1048464
1297	 0.008942	 1047976
1298	 0.008853	 1047486
1299	 0.009173	 1048293
1300	 0.009240	 1047800
1301	 0.009115	 1047305
1302	 0.009035	 1048110
1303	 0.009106	 1047612
1304	 0.009069	 1048416
1305	 0.009104	 1047915
1306	 0.009226	 1047412
1307	 0.008995	 1048214
1308	 0.008975	 1047708
1309	 0.008961	 1048509
1310	 0.009027	 1048000
1311	 0.009097	 1047489
1312	 0.008806	 1048288
1313	 0.008983	 1047774
1314	 0.008921	 1048572
1315	 0.009309	 1048055
1316	 0.009088	 1047536
1317	 0.009260	 1048332
1318	 0.009121	 1047810
1319	 0.009054	 1047286
1320	 0.009076	 1048080
1321	 0.008819	 1047553
1322	 0.009117	 1048346
1323	 0.008994	 1047816
1324	 0.009131	 1047284
1325	 0.009040	 1048075
1326	 0.009570	 1047540
1327	 0.009623	 1048330
1328	 0.009793	 1047792
1329	 0.010181	 1047252
1330	 0.010185	 1048040
1331	 0.010184	 1047497
1332	 0.010223	 1048284
1333	 0.010172	 1047738
1334	 0.009754	 1048524
1335	 0.009669	 1047975
1336	 0.009573	 1047424
1337	 0.009199	 1048208
1338	 0.009770	 1047654
1339	 0.009239	 1048437
1340	 0.009377	 1047880
1341	 0.009319	 1047321
1342	 0.009370	 1048102
1343	 0.009635	 1047540
1344	 0.009670	 1048320
1345	 0.009309	 1047755
1346	 0.009650	 1048534
1347	 0.009785	 1047966
1348	 0.009527	 1047396
1349	 0.009846	 1048173
1350	 0.009580	 1047600
1351	 0.009810	 1048376
1352	 0.009510	 1047800
1353	 0.009517	 1048575
1354	 0.009618	 1047996
1355	 0.009527	 1047415
1356	 0.009694	 1048188
1357	 0.009469	 1047604
1358	 0.009450	 1048376
1359	 0.009434	 1047789
1360	 0.009741	 1048560
1361	 0.009819	 1047970
1362	 0.009736	 1047378
1363	 0.010114	 1048147
1364	 0.009767	 1047552
1365	 0.009857	 1048320
1366	 0.009847	 1047722
1367	 0.010172	 1048489
1368	 0.010289	 1047888
1369	 0.010709	 1047285
1370	 0.009924	 1048050
1371	 0.010085	 1047444
1372	 0.010277	 1048208
1373	 0.010348	 1047599
1374	 0.010408	 1048362
1375	 0.010612	 1047750
1376	 0.010259	 1048512
1377	 0.010086	 1047897
1378	 0.010059	 1047280
1379	 0.010027	 1048040
1380	 0.010036	 1047420
1381	 0.010312	 1048179
1382	 0.010442	 1047556
1383	 0.010470	 1048314
1384	 0.010439	 1047688
1385	 0.010361	 1048445
1386	 0.010444	 1047816
1387	 0.010819	 1048572
1388	 0.010803	 1047940
1389	 0.011302	 1047306
1390	 0.011551	 1048060
1391	 0.011609	 1047423
1392	 0.012012	 1048176
1393	 0.011696	 1047536
1394	 0.010941	 1048288
1395	 0.010869	 1047645
1396	 0.010782	 1048396
1397	 0.010492	 1047750
1398	 0.010503	 1048500
1399	 0.010670	 1047851
1400	 0.010653	 1047200
1401	 0.010656	 1047948
1402	 0.010769	 1047294
1403	 0.010759	 1048041
1404	 0.010743	 1047384
1405	 0.010698	 1048130
1406	 0.010642	 1047470
1407	 0.010579	 1048215
1408	 0.010859	 1047552
1409	 0.010739	 1048296
1410	 0.010780	 1047630
1411	 0.010773	 1048373
1412	 0.010855	 1047704
1413	 0.010535	 1048446
1414	 0.010581	 1047774
1415	 0.010540	 1048515
1416	 0.010407	 1047840
1417	 0.010507	 1047163
1418	 0.010643	 1047902
1419	 0.010764	 1047222
1420	 0.010820	 1047960
1421	 0.010852	 1047277
1422	 0.010902	 1048014
1423	 0.010883	 1047328
1424	 0.010942	 1048064
1425	 0.010949	 1047375
1426	 0.010992	 1048110
1427	 0.011003	 1047418
1428	 0.010933	 1048152
1429	 0.010943	 1047457
1430	 0.010962	 1048190
1431	 0.010966	 1047492
1432	 0.011072	 1048224
1433	 0.011274	 1047523
1434	 0.011285	 1048254
1435	 0.011120	 1047550
1436	 0.011354	 1048280
1437	 0.011303	 1047573
1438	 0.011526	 1048302
1439	 0.011268	 1047592
1440	 0.011202	 1048320
1441	 0.011243	 1047607
1442	 0.011532	 1048334
1443	 0.012094	 1047618
1444	 0.012121	 1048344
1445	 0.012125	 1047625
1446	 0.012207	 1048350
1447	 0.012749	 1047628
1448	 0.011537	 1048352
1449	 0.011400	 1047627
1450	 0.011347	 1048350
1451	 0.011238	 1047622
1452	 0.011342	 1048344
1453	 0.011262	 1047613
1454	 0.011331	 1048334
1455	 0.011285	 1047600
1456	 0.011386	 1048320
1457	 0.011304	 1047583
1458	 0.011198	 1048302
1459	 0.011419	 1047562
1460	 0.011787	 1048280
1461	 0.011134	 1047537
1462	 0.011321	 1048254
1463	 0.011265	 1047508
1464	 0.011350	 1048224
1465	 0.011313	 1047475
1466	 0.011640	 1048190
1467	 0.011518	 1047438
1468	 0.011404	 1048152
1469	 0.011316	 1047397
1470	 0.011489	 1048110
1471	 0.011281	 1047352
1472	 0.011234	 1048064
1473	 0.011434	 1047303
1474	 0.011478	 1048014
1475	 0.011422	 1047250
1476	 0.011299	 1047960
1477	 0.011229	 1047193
1478	 0.011588	 1047902
1479	 0.011513	 1047132
1480	 0.011512	 1047840
1481	 0.011479	 1048548
1482	 0.011494	 1047774
1483	 0.011550	 1048481
1484	 0.011521	 1047704
1485	 0.011559	 1048410
1486	 0.011509	 1047630
1487	 0.011568	 1048335
1488	 0.011503	 1047552
1489	 0.011551	 1048256
1490	 0.011495	 1047470
1491	 0.011553	 1048173
1492	 0.011567	 1047384
1493	 0.011662	 1048086
1494	 0.011492	 1047294
1495	 0.011371	 1047995
1496	 0.012407	 1047200
1497	 0.012418	 1047900
1498	 0.012761	 1047102
1499	 0.012340	 1047801
1500	 0.011746	 1048500
1501	 0.011568	 1047698
1502	 0.011453	 1048396
1503	 0.011559	 1047591
1504	 0.011528	 1048288
1505	 0.011594	 1047480
1506	 0.011608	 1048176
1507	 0.011597	 1047365
1508	 0.011573	 1048060
1509	 0.011576	 1047246
1510	 0.011568	 1047940
1511	 0.011553	 1047123
1512	 0.011646	 1047816
1513	 0.011879	 1048509
1514	 0.011901	 1047688
1515	 0.011946	 1048380
1516	 0.011848	 1047556
1517	 0.011954	 1048247
1518	 0.011947	 1047420
1519	 0.012041	 1048110
1520	 0.011983	 1047280
1521	 0.012147	 1047969
1522	 0.012058	 1047136
1523	 0.011833	 1047824
1524	 0.011940	 1048512
1525	 0.012035	 1047675
1526	 0.011900	 1048362
1527	 0.011964	 1047522
1528	 0.011863	 1048208
1529	 0.011831	 1047365
1530	 0.011812	 1048050
1531	 0.011824	 1047204
1532	 0.011821	 1047888
1533	 0.011813	 1048572
1534	 0.011733	 1047722
1535	 0.011877	 1048405
1536	 0.011864	 1047552
1537	 0.011962	 1048234
1538	 0.012022	 1047378
1539	 0.012001	 1048059
1540	 0.011847	 1047200
1541	 0.011898	 1047880
1542	 0.012005	 1048560
1543	 0.011988	 1047697
1544	 0.012391	 1048376
1545	 0.012516	 1047510
1546	 0.011456	 1048188
1547	 0.010594	 1047319
1548	 0.010728	 1047996
1549	 0.010768	 1047124
1550	 0.010893	 1047800
1551	 0.011101	 1048476
1552	 0.010744	 1047600
1553	 0.011230	 1048275
1554	 0.011805	 1047396
1555	 0.011771	 1048070
1556	 0.011851	 1047188
1557	 0.012052	 1047861
1558	 0.012177	 1048534
1559	 0.012112	 1047648
1560	 0.012137	 1048320
1561	 0.012168	 1047431
1562	 0.012281	 1048102
1563	 0.012206	 1047210
1564	 0.012297	 1047880
1565	 0.012244	 1048550
1566	 0.012226	 1047654
1567	 0.012205	 1048323
1568	 0.012235	 1047424
1569	 0.012350	 1048092
1570	 0.012320	 1047190
1571	 0.012411	 1047857
1572	 0.012474	 1048524
1573	 0.012430	 1047618
1574	 0.012392	 1048284
1575	 0.012435	 1047375
1576	 0.012411	 1048040
1577	 0.012434	 1047128
1578	 0.012428	 1047792
1579	 0.012741	 1048456
1580	 0.012633	 1047540
1581	 0.012731	 1048203
1582	 0.012590	 1047284
1583	 0.011958	 1047946
1584	 0.012453	 1047024
1585	 0.012552	 1047685
1586	 0.012451	 1048346
1587	 0.012549	 1047420
1588	 0.012636	 1048080
1589	 0.012677	 1047151
1590	 0.012717	 1047810
1591	 0.012592	 1048469
1592	 0.012609	 1047536
1593	 0.012570	 1048194
1594	 0.012885	 1047258
1595	 0.013094	 1047915
1596	 0.014009	 1048572
1597	 0.014209	 1047632
1598	 0.014049	 1048288
1599	 0.014150	 1047345
1600	 0.013197	 1048000
1601	 0.013045	 1047054
1602	 0.013085	 1047708
1603	 0.013191	 1048362
1604	 0.013033	 1047412
1605	 0.013133	 1048065
1606	 0.012891	 1047112
1607	 0.012764	 1047764
1608	 0.012853	 1048416
1609	 0.013004	 1047459
1610	 0.013019	 1048110
1611	 0.013074	 1047150
1612	 0.013071	 1047800
1613	 0.012990	 1048450
1614	 0.012737	 1047486
1615	 0.012638	 1048135
1616	 0.012556	 1047168
1617	 0.012657	 1047816
1618	 0.012735	 1048464
1619	 0.012554	 1047493
1620	 0.012751	 1048140
1621	 0.012820	 1047166
1622	 0.012979	 1047812
1623	 0.012776	 1048458
1624	 0.012919	 1047480
1625	 0.012888	 1048125
1626	 0.013042	 1047144
1627	 0.012594	 1047788
1628	 0.012539	 1048432
1629	 0.012510	 1047447
1630	 0.012564	 1048090
1631	 0.012569	 1047102
1632	 0.012705	 1047744
1633	 0.012816	 1048386
1634	 0.012817	 1047394
1635	 0.012745	 1048035
1636	 0.012818	 1047040
1637	 0.012811	 1047680
1638	 0.012885	 1048320
1639	 0.012832	 1047321
1640	 0.012803	 1047960
1641	 0.012712	 1046958
1642	 0.012864	 1047596
1643	 0.012768	 1048234
1644	 0.012749	 1047228
1645	 0.012771	 1047865
1646	 0.012834	 1048502
1647	 0.012861	 1047492
1648	 0.012908	 1048128
1649	 0.012859	 1047115
1650	 0.012732	 1047750
1651	 0.012694	 1048385
1652	 0.012532	 1047368
1653	 0.012521	 1048002
1654	 0.012651	 1046982
1655	 0.012648	 1047615
1656	 0.012534	 1048248
1657	 0.012536	 1047224
1658	 0.012503	 1047856
1659	 0.012675	 1048488
1660	 0.012784	 1047460
1661	 0.012882	 1048091
1662	 0.012774	 1047060
1663	 0.012829	 1047690
1664	 0.012880	 1048320
1665	 0.012658	 1047285
1666	 0.012710	 1047914
1667	 0.012880	 1048543
1668	 0.012953	 1047504
1669	 0.012830	 1048132
1670	 0.013140	 1047090
1671	 0.013132	 1047717
1672	 0.012928	 1048344
1673	 0.012803	 1047298
1674	 0.013244	 1047924
1675	 0.013216	 1048550
1676	 0.013153	 1047500
1677	 0.013279	 1048125
1678	 0.013372	 1047072
1679	 0.013530	 1047696
1680	 0.013594	 1048320
1681	 0.013683	 1047263
1682	 0.013588	 1047886
1683	 0.013585	 1048509
1684	 0.013424	 1047448
1685	 0.017911	 1048070
1686	 0.019737	 1047006
1687	 0.012214	 1047627
1688	 0.016465	 1048248
1689	 0.018544	 1047180
1690	 0.015203	 1047800
1691	 0.011066	 1048420
1692	 0.010830	 1047348
1693	 0.011147	 1047967
1694	 0.011365	 1046892
1695	 0.011769	 1047510
1696	 0.011700	 1048128
1697	 0.011882	 1047049
1698	 0.013217	 1047666
1699	 0.013318	 1048283
1700	 0.013450	 1047200
1701	 0.013808	 1047816
1702	 0.013816	 1048432
1703	 0.013559	 1047345
1704	 0.013502	 1047960
1705	 0.013719	 1048575
1706	 0.013677	 1047484
1707	 0.013741	 1048098
1708	 0.013801	 1047004
1709	 0.013830	 1047617
1710	 0.013782	 1048230
1711	 0.013807	 1047132
1712	 0.013794	 1047744
1713	 0.013771	 1048356
1714	 0.013901	 1047254
1715	 0.013815	 1047865
1716	 0.013857	 1048476
1717	 0.013794	 1047370
1718	 0.013773	 1047980
1719	 0.013797	 1046871
1720	 0.013745	 1047480
1721	 0.013754	 1048089
1722	 0.013750	 1046976
1723	 0.013754	 1047584
1724	 0.013718	 1048192
1725	 0.013678	 1047075
1726	 0.013949	 1047682
1727	 0.013491	 1048289
1728	 0.013519	 1047168
1729	 0.013868	 1047774
1730	 0.013926	 1048380
1731	 0.013825	 1047255
1732	 0.013754	 1047860
1733	 0.013927	 1048465
1734	 0.013909	 1047336
1735	 0.014119	 1047940
1736	 0.013988	 1048544
1737	 0.014022	 1047411
1738	 0.013941	 1048014
1739	 0.013844	 1046878
1740	 0.013955	 1047480
1741	 0.014105	 1048082
1742	 0.014137	 1046942
1743	 0.014156	 1047543
1744	 0.014184	 1048144
1745	 0.014198	 1047000
1746	 0.014156	 1047600
1747	 0.014128	 1048200
1748	 0.014212	 1047052
1749	 0.014287	 1047651
1750	 0.014158	 1048250
1751	 0.014167	 1047098
1752	 0.014422	 1047696
1753	 0.014300	 1048294
1754	 0.014440	 1047138
1755	 0.014689	 1047735
1756	 0.014669	 1048332
1757	 0.014489	 1047172
1758	 0.014393	 1047768
1759	 0.014410	 1048364
1760	 0.014476	 1047200
1761	 0.014215	 1047795
1762	 0.014253	 1048390
1763	 0.014180	 1047222
1764	 0.014141	 1047816
1765	 0.014467	 1048410
1766	 0.014609	 1047238
1767	 0.014639	 1047831
1768	 0.014663	 1048424
1769	 0.014597	 1047248
1770	 0.014648	 1047840
1771	 0.014771	 1048432
1772	 0.014779	 1047252
1773	 0.014562	 1047843
1774	 0.013897	 1048434
1775	 0.013999	 1047250
1776	 0.014087	 1047840
1777	 0.014011	 1048430
1778	 0.013948	 1047242
1779	 0.013956	 1047831
1780	 0.014020	 1048420
1781	 0.013985	 1047228
1782	 0.013999	 1047816
1783	 0.013910	 1048404
1784	 0.013949	 1047208
1785	 0.012969	 1047795
1786	 0.012457	 1048382
1787	 0.012447	 1047182
1788	 0.012431	 1047768
1789	 0.012037	 1048354
1790	 0.011929	 1047150
1791	 0.011978	 1047735
1792	 0.011997	 1048320
1793	 0.011967	 1047112
1794	 0.011992	 1047696
1795	 0.012001	 1048280
1796	 0.011982	 1047068
1797	 0.011966	 1047651
1798	 0.012006	 1048234
1799	 0.011983	 1047018
1800	 0.012016	 1047600
1801	 0.012034	 1048182
1802	 0.011955	 1046962
1803	 0.011968	 1047543
1804	 0.011958	 1048124
1805	 0.011996	 1046900
1806	 0.012126	 1047480
1807	 0.012101	 1048060
1808	 0.012083	 1046832
1809	 0.012076	 1047411
1810	 0.012108	 1047990
1811	 0.012131	 1048569
1812	 0.012127	 1047336
1813	 0.012128	 1047914
1814	 0.012052	 1048492
1815	 0.012034	 1047255
1816	 0.012057	 1047832
1817	 0.012080	 1048409
1818	 0.012383	 1047168
1819	 0.012461	 1047744
1820	 0.012405	 1048320
1821	 0.012388	 1047075
1822	 0.012141	 1047650
1823	 0.012177	 1048225
1824	 0.012511	 1046976
1825	 0.012459	 1047550
1826	 0.012493	 1048124
1827	 0.012485	 1046871
1828	 0.012536	 1047444
1829	 0.012449	 1048017
1830	 0.012538	 1046760
1831	 0.012524	 1047332
1832	 0.012666	 1047904
1833	 0.012700	 1048476
1834	 0.012663	 1047214
1835	 0.012651	 1047785
1836	 0.012627	 1048356
1837	 0.012667	 1047090
1838	 0.012645	 1047660
1839	 0.012686	 1048230
1840	 0.012680	 1046960
1841	 0.012699	 1047529
1842	 0.012999	 1048098
1843	 0.012396	 1046824
1844	 0.012297	 1047392
1845	 0.012316	 1047960
1846	 0.012689	 1048528
1847	 0.012786	 1047249
1848	 0.012338	 1047816
1849	 0.012736	 1048383
1850	 0.012699	 1047100
1851	 0.012813	 1047666
1852	 0.012771	 1048232
1853	 0.012537	 1046945
1854	 0.012143	 1047510
1855	 0.012281	 1048075
1856	 0.012221	 1046784
1857	 0.012306	 1047348
1858	 0.012358	 1047912
1859	 0.012422	 1048476
1860	 0.012339	 1047180
1861	 0.012434	 1047743
1862	 0.012433	 1048306
1863	 0.012384	 1047006
1864	 0.012421	 1047568
1865	 0.012347	 1048130
1866	 0.012377	 1046826
1867	 0.012451	 1047387
1868	 0.012451	 1047948
1869	 0.012845	 1048509
1870	 0.012803	 1047200
1871	 0.012862	 1047760
1872	 0.012860	 1048320
1873	 0.012836	 1047007
1874	 0.012812	 1047566
1875	 0.012888	 1048125
1876	 0.012883	 1046808
1877	 0.012923	 1047366
1878	 0.012928	 1047924
1879	 0.012865	 1048482
1880	 0.012813	 1047160
1881	 0.012825	 1047717
1882	 0.012826	 1048274
1883	 0.012812	 1046948
1884	 0.012811	 1047504
1885	 0.012877	 1048060
1886	 0.012754	 1046730
1887	 0.012679	 1047285
1888	 0.012667	 1047840
1889	 0.012694	 1048395
1890	 0.012715	 1047060
1891	 0.012732	 1047614
1892	 0.012799	 1048168
1893	 0.012753	 1046829
1894	 0.012741	 1047382
1895	 0.012803	 1047935
1896	 0.012832	 1048488
1897	 0.012759	 1047144
1898	 0.012884	 1047696
1899	 0.012870	 1048248
1900	 0.012938	 1046900
1901	 0.013374	 1047451
1902	 0.013376	 1048002
1903	 0.013090	 1048553
1904	 0.013276	 1047200
1905	 0.013263	 1047750
1906	 0.013271	 1048300
1907	 0.012847	 1046943
1908	 0.012876	 1047492
1909	 0.012743	 1048041
1910	 0.012700	 1046680
1911	 0.012749	 1047228
1912	 0.012753	 1047776
1913	 0.012738	 1048324
1914	 0.012763	 1046958
1915	 0.012750	 1047505
1916	 0.012753	 1048052
1917	 0.012714	 1046682
1918	 0.012705	 1047228
1919	 0.012764	 1047774
1920	 0.012878	 1048320
1921	 0.012689	 1046945
1922	 0.012701	 1047490
1923	 0.012718	 1048035
1924	 0.012959	 1046656
1925	 0.012668	 1047200
1926	 0.012690	 1047744
1927	 0.012655	 1048288
1928	 0.012678	 1046904
1929	 0.012697	 1047447
1930	 0.014344	 1047990
1931	 0.012694	 1048533
1932	 0.012431	 1047144
1933	 0.012507	 1047686
1934	 0.012791	 1048228
1935	 0.012795	 1046835
1936	 0.012826	 1047376
1937	 0.012815	 1047917
1938	 0.012760	 1048458
1939	 0.012729	 1047060
1940	 0.012729	 1047600
1941	 0.012762	 1048140
1942	 0.012779	 1046738
1943	 0.012832	 1047277
1944	 0.012884	 1047816
1945	 0.012878	 1048355
1946	 0.012849	 1046948
1947	 0.012798	 1047486
1948	 0.012757	 1048024
1949	 0.012806	 1048562
1950	 0.012755	 1047150
1951	 0.012721	 1047687
1952	 0.012695	 1048224
1953	 0.012723	 1046808
1954	 0.012706	 1047344
1955	 0.012720	 1047880
1956	 0.012716	 1048416
1957	 0.012817	 1046995
1958	 0.012820	 1047530
1959	 0.012845	 1048065
1960	 0.012791	 1046640
1961	 0.012868	 1047174
1962	 0.012868	 1047708
1963	 0.012841	 1048242
1964	 0.012921	 1046812
1965	 0.012846	 1047345
1966	 0.012892	 1047878
1967	 0.012906	 1048411
1968	 0.012767	 1046976
1969	 0.012997	 1047508
1970	 0.013361	 1048040
1971	 0.013421	 1048572
1972	 0.013428	 1047132
1973	 0.013366	 1047663
1974	 0.013380	 1048194
1975	 0.013359	 1046750
1976	 0.013438	 1047280
1977	 0.013420	 1047810
1978	 0.013460	 1048340
1979	 0.013431	 1046891
1980	 0.013462	 1047420
1981	 0.013461	 1047949
1982	 0.013405	 1048478
1983	 0.013345	 1047024
1984	 0.013435	 1047552
1985	 0.013438	 1048080
1986	 0.013392	 1046622
1987	 0.013371	 1047149
1988	 0.013430	 1047676
1989	 0.013449	 1048203
1990	 0.013375	 1046740
1991	 0.013384	 1047266
1992	 0.013420	 1047792
1993	 0.013451	 1048318
1994	 0.013415	 1046850
1995	 0.013446	 1047375
1996	 0.013409	 1047900
1997	 0.013414	 1048425
1998	 0.013390	 1046952
1999	 0.013386	 1047476
2000	 0.013371	 1048000
2001	 0.013306	 1048524
2002	 0.013309	 1047046
2003	 0.013337	 1047569
2004	 0.013429	 1048092
2005	 0.013399	 1046610
2006	 0.013572	 1047132
2007	 0.012935	 1047654
2008	 0.012797	 1048176
2009	 0.012498	 1046689
2010	 0.012785	 1047210
2011	 0.012830	 1047731
2012	 0.012840	 1048252
2013	 0.012853	 1046760
2014	 0.012825	 1047280
2015	 0.012827	 1047800
2016	 0.012850	 1048320
2017	 0.012815	 1046823
2018	 0.012852	 1047342
2019	 0.012820	 1047861
2020	 0.012875	 1048380
2021	 0.012803	 1046878
2022	 0.012797	 1047396
2023	 0.012833	 1047914
2024	 0.012849	 1048432
2025	 0.012794	 1046925
2026	 0.012793	 1047442
2027	 0.012845	 1047959
2028	 0.012867	 1048476
2029	 0.012770	 1046964
2030	 0.012804	 1047480
2031	 0.012882	 1047996
2032	 0.012830	 1048512
2033	 0.012853	 1046995
2034	 0.012876	 1047510
2035	 0.012864	 1048025
2036	 0.012824	 1048540
2037	 0.012828	 1047018
2038	 0.012897	 1047532
2039	 0.012935	 1048046
2040	 0.012918	 1048560
2041	 0.012957	 1047033
2042	 0.012954	 1047546
2043	 0.013051	 1048059
2044	 0.012992	 1048572
2045	 0.012898	 1047040
2046	 0.012915	 1047552
2047	 0.012939	 1048064
2048	 0.012910	 1048576
2049	 0.012817	 1047039
2050	 0.012811	 1047550
2051	 0.012875	 1048061
2052	 0.012931	 1048572
2053	 0.012864	 1047030
2054	 0.013035	 1047540
2055	 0.013295	 1048050
2056	 0.013252	 1048560
2057	 0.013258	 1047013
2058	 0.013280	 1047522
2059	 0.013287	 1048031
2060	 0.013299	 1048540
2061	 0.013334	 1046988
2062	 0.013344	 1047496
2063	 0.013409	 1048004
2064	 0.013436	 1048512
2065	 0.013430	 1046955
2066	 0.013323	 1047462
2067	 0.013292	 1047969
2068	 0.013357	 1048476
2069	 0.013294	 1046914
2070	 0.013295	 1047420
2071	 0.013287	 1047926
2072	 0.013383	 1048432
2073	 0.013412	 1046865
2074	 0.013410	 1047370
2075	 0.013399	 1047875
2076	 0.013358	 1048380
2077	 0.013242	 1046808
2078	 0.013339	 1047312
2079	 0.013377	 1047816
2080	 0.013265	 1048320
2081	 0.013277	 1046743
2082	 0.013337	 1047246
2083	 0.013360	 1047749
2084	 0.013294	 1048252
2085	 0.013031	 1046670
2086	 0.013039	 1047172
2087	 0.013046	 1047674
2088	 0.013020	 1048176
2089	 0.012958	 1046589
2090	 0.013027	 1047090
2091	 0.013080	 1047591
2092	 0.012974	 1048092
2093	 0.013260	 1046500
2094	 0.013003	 1047000
2095	 0.012707	 1047500
2096	 0.012822	 1048000
2097	 0.012920	 1048500
2098	 0.012920	 1046902
2099	 0.012961	 1047401
2100	 0.012974	 1047900
2101	 0.012989	 1048399
2102	 0.013340	 1046796
2103	 0.013370	 1047294
2104	 0.013358	 1047792
2105	 0.013338	 1048290
2106	 0.013362	 1046682
2107	 0.013393	 1047179
2108	 0.013465	 1047676
2109	 0.013473	 1048173
2110	 0.013440	 1046560
2111	 0.013442	 1047056
2112	 0.013451	 1047552
2113	 0.013485	 1048048
2114	 0.013453	 1048544
2115	 0.013408	 1046925
2116	 0.013415	 1047420
2117	 0.013414	 1047915
2118	 0.013448	 1048410
2119	 0.013414	 1046786
2120	 0.013402	 1047280
2121	 0.013410	 1047774
2122	 0.013389	 1048268
2123	 0.013343	 1046639
2124	 0.013368	 1047132
2125	 0.013349	 1047625
2126	 0.013360	 1048118
2127	 0.013338	 1046484
2128	 0.013378	 1046976
2129	 0.013392	 1047468
2130	 0.013436	 1047960
2131	 0.013429	 1048452
2132	 0.013438	 1046812
2133	 0.013427	 1047303
2134	 0.013386	 1047794
2135	 0.013397	 1048285
2136	 0.013367	 1046640
2137	 0.013335	 1047130
2138	 0.013390	 1047620
2139	 0.013382	 1048110
2140	 0.013366	 1046460
2141	 0.013357	 1046949
2142	 0.013357	 1047438
2143	 0.013397	 1047927
2144	 0.013379	 1048416
2145	 0.013364	 1046760
2146	 0.013333	 1047248
2147	 0.013355	 1047736
2148	 0.013341	 1048224
2149	 0.013356	 1046563
2150	 0.013396	 1047050
2151	 0.013419	 1047537
2152	 0.013384	 1048024
2153	 0.013421	 1048511
2154	 0.013479	 1046844
2155	 0.013473	 1047330
2156	 0.013427	 1047816
2157	 0.013458	 1048302
2158	 0.013517	 1046630
2159	 0.013222	 1047115
2160	 0.013409	 1047600
2161	 0.013195	 1048085
2162	 0.013316	 1048570
2163	 0.013574	 1046892
2164	 0.013603	 1047376
2165	 0.013692	 1047860
2166	 0.013670	 1048344
2167	 0.013633	 1046661
2168	 0.013593	 1047144
2169	 0.013597	 1047627
2170	 0.013579	 1048110
2171	 0.013610	 1046422
2172	 0.013624	 1046904
2173	 0.013612	 1047386
2174	 0.013617	 1047868
2175	 0.013632	 1048350
2176	 0.013559	 1046656
2177	 0.013622	 1047137
2178	 0.013610	 1047618
2179	 0.013643	 1048099
2180	 0.013617	 1046400
2181	 0.013611	 1046880
2182	 0.013606	 1047360
2183	 0.013559	 1047840
2184	 0.013584	 1048320
2185	 0.013587	 1046615
2186	 0.013554	 1047094
2187	 0.013594	 1047573
2188	 0.013604	 1048052
2189	 0.013599	 1048531
2190	 0.013580	 1046820
2191	 0.013646	 1047298
2192	 0.013662	 1047776
2193	 0.013644	 1048254
2194	 0.013624	 1046538
2195	 0.013614	 1047015
2196	 0.013606	 1047492
2197	 0.013611	 1047969
2198	 0.013612	 1048446
2199	 0.013616	 1046724
2200	 0.013612	 1047200
2201	 0.013646	 1047676
2202	 0.013673	 1048152
2203	 0.013650	 1046425
2204	 0.013646	 1046900
2205	 0.013687	 1047375
2206	 0.013723	 1047850
2207	 0.013664	 1048325
2208	 0.013623	 1046592
2209	 0.013637	 1047066
2210	 0.013664	 1047540
2211	 0.013601	 1048014
2212	 0.013646	 1048488
2213	 0.013483	 1046749
2214	 0.013689	 1047222
2215	 0.013598	 1047695
2216	 0.013588	 1048168
2217	 0.013594	 1046424
2218	 0.013587	 1046896
2219	 0.013601	 1047368
2220	 0.013597	 1047840
2221	 0.013654	 1048312
2222	 0.013638	 1046562
2223	 0.013797	 1047033
2224	 0.013241	 1047504
2225	 0.013127	 1047975
2226	 0.013203	 1048446
2227	 0.013187	 1046690
2228	 0.013192	 1047160
2229	 0.013168	 1047630
2230	 0.013368	 1048100
2231	 0.013531	 1048570
2232	 0.013572	 1046808
2233	 0.013571	 1047277
2234	 0.013304	 1047746
2235	 0.013202	 1048215
2236	 0.013138	 1046448
2237	 0.013158	 1046916
2238	 0.013108	 1047384
2239	 0.013086	 1047852
2240	 0.013072	 1048320
2241	 0.013067	 1046547
2242	 0.013108	 1047014
2243	 0.013144	 1047481
2244	 0.013351	 1047948
2245	 0.013542	 1048415
2246	 0.013695	 1046636
2247	 0.013717	 1047102
2248	 0.013707	 1047568
2249	 0.013661	 1048034
2250	 0.013630	 1048500
2251	 0.013664	 1046715
2252	 0.013659	 1047180
2253	 0.013668	 1047645
2254	 0.013648	 1048110
2255	 0.013616	 1048575
2256	 0.013560	 1046784
2257	 0.013593	 1047248
2258	 0.013649	 1047712
2259	 0.013584	 1048176
2260	 0.013610	 1046380
2261	 0.013392	 1046843
2262	 0.013146	 1047306
2263	 0.013552	 1047769
2264	 0.013677	 1048232
2265	 0.013503	 1046430
2266	 0.013500	 1046892
2267	 0.013553	 1047354
2268	 0.013533	 1047816
2269	 0.013530	 1048278
2270	 0.013543	 1046470
2271	 0.013619	 1046931
2272	 0.013634	 1047392
2273	 0.013617	 1047853
2274	 0.013686	 1048314
2275	 0.013632	 1046500
2276	 0.013647	 1046960
2277	 0.013660	 1047420
2278	 0.013762	 1047880
2279	 0.013776	 1048340
2280	 0.013701	 1046520
2281	 0.013733	 1046979
2282	 0.013731	 1047438
2283	 0.013720	 1047897
2284	 0.013679	 1048356
2285	 0.013649	 1046530
2286	 0.013666	 1046988
2287	 0.013649	 1047446
2288	 0.013672	 1047904
2289	 0.013677	 1048362
2290	 0.013683	 1046530
2291	 0.013650	 1046987
2292	 0.013616	 1047444
2293	 0.013680	 1047901
2294	 0.013660	 1048358
2295	 0.013654	 1046520
2296	 0.013665	 1046976
2297	 0.013899	 1047432
2298	 0.013584	 1047888
2299	 0.013273	 1048344
2300	 0.013203	 1046500
2301	 0.012676	 1046955
2302	 0.012403	 1047410
2303	 0.012707	 1047865
2304	 0.020507	 1048320
2305	 0.019507	 1046470
2306	 0.012472	 1046924
2307	 0.013232	 1047378
2308	 0.012581	 1047832
2309	 0.012368	 1048286
2310	 0.012976	 1046430
2311	 0.013124	 1046883
2312	 0.013433	 1047336
2313	 0.013562	 1047789
2314	 0.013608	 1048242
2315	 0.013588	 1046380
2316	 0.013644	 1046832
2317	 0.013600	 1047284
2318	 0.013606	 1047736
2319	 0.013609	 1048188
2320	 0.013580	 1046320
2321	 0.013558	 1046771
2322	 0.013576	 1047222
2323	 0.013584	 1047673
2324	 0.013622	 1048124
2325	 0.013573	 1048575
2326	 0.013609	 1046700
2327	 0.013571	 1047150
2328	 0.013629	 1047600
2329	 0.013586	 1048050
2330	 0.013588	 1048500
2331	 0.013583	 1046619
2332	 0.013601	 1047068
2333	 0.013626	 1047517
2334	 0.013627	 1047966
2335	 0.013623	 1048415
2336	 0.013575	 1046528
2337	 0.013661	 1046976
2338	 0.013615	 1047424
2339	 0.013579	 1047872
2340	 0.013617	 1048320
2341	 0.013572	 1046427
2342	 0.013621	 1046874
2343	 0.013589	 1047321
2344	 0.013648	 1047768
2345	 0.013663	 1048215
2346	 0.013634	 1046316
2347	 0.013629	 1046762
2348	 0.013665	 1047208
2349	 0.013719	 1047654
2350	 0.014096	 1048100
2351	 0.014293	 1048546
2352	 0.019341	 1046640
2353	 0.020907	 1047085
2354	 0.012338	 1047530
2355	 0.015224	 1047975
2356	 0.020283	 1048420
2357	 0.013474	 1046508
2358	 0.011914	 1046952
2359	 0.012324	 1047396
2360	 0.012775	 1047840
2361	 0.012915	 1048284
2362	 0.013392	 1046366
2363	 0.013133	 1046809
2364	 0.013603	 1047252
2365	 0.013377	 1047695
2366	 0.013359	 1048138
2367	 0.013115	 1046214
2368	 0.013138	 1046656
2369	 0.013176	 1047098
2370	 0.013171	 1047540
2371	 0.013283	 1047982
2372	 0.013255	 1048424
2373	 0.013137	 1046493
2374	 0.013623	 1046934
2375	 0.013653	 1047375
2376	 0.014245	 1047816
2377	 0.013540	 1048257
2378	 0.013502	 1046320
2379	 0.013612	 1046760
2380	 0.013330	 1047200
2381	 0.013235	 1047640
2382	 0.013181	 1048080
2383	 0.013187	 1048520
2384	 0.013140	 1046576
2385	 0.013293	 1047015
2386	 0.013288	 1047454
2387	 0.013153	 1047893
2388	 0.013213	 1048332
2389	 0.013189	 1046382
2390	 0.013178	 1046820
2391	 0.013174	 1047258
2392	 0.013103	 1047696
2393	 0.013359	 1048134
2394	 0.013240	 1048572
2395	 0.013558	 1046615
2396	 0.013564	 1047052
2397	 0.013582	 1047489
2398	 0.013538	 1047926
2399	 0.013557	 1048363
2400	 0.013530	 1046400
2401	 0.013580	 1046836
2402	 0.013617	 1047272
2403	 0.013594	 1047708
2404	 0.013606	 1048144
2405	 0.013582	 1046175
2406	 0.013645	 1046610
2407	 0.013614	 1047045
2408	 0.014308	 1047480
2409	 0.013294	 1047915
2410	 0.013664	 1048350
2411	 0.013575	 1046374
2412	 0.013479	 1046808
2413	 0.013503	 1047242
2414	 0.013470	 1047676
2415	 0.013513	 1048110
2416	 0.013561	 1048544
2417	 0.013553	 1046561
2418	 0.013553	 1046994
2419	 0.013763	 1047427
2420	 0.013619	 1047860
2421	 0.013599	 1048293
2422	 0.013737	 1046304
2423	 0.015319	 1046736
2424	 0.013509	 1047168
2425	 0.013549	 1047600
2426	 0.013345	 1048032
2427	 0.013207	 1048464
2428	 0.013352	 1046468
2429	 0.013369	 1046899
2430	 0.013453	 1047330
2431	 0.013366	 1047761
2432	 0.013543	 1048192
2433	 0.013441	 1046190
2434	 0.013459	 1046620
2435	 0.013582	 1047050
2436	 0.013489	 1047480
2437	 0.013281	 1047910
2438	 0.016463	 1048340
2439	 0.021156	 1046331
2440	 0.012120	 1046760
2441	 0.012006	 1047189
2442	 0.012283	 1047618
2443	 0.012988	 1048047
2444	 0.012791	 1048476
2445	 0.012819	 1046460
2446	 0.013169	 1046888
2447	 0.013236	 1047316
2448	 0.013217	 1047744
2449	 0.013142	 1048172
2450	 0.013116	 1046150
2451	 0.013103	 1046577
2452	 0.013357	 1047004
2453	 0.013432	 1047431
2454	 0.013440	 1047858
2455	 0.013295	 1048285
2456	 0.013149	 1046256
2457	 0.013105	 1046682
2458	 0.013134	 1047108
2459	 0.013188	 1047534
2460	 0.013215	 1047960
2461	 0.013350	 1048386
2462	 0.013271	 1046350
2463	 0.013302	 1046775
2464	 0.013194	 1047200
2465	 0.013315	 1047625
2466	 0.013211	 1048050
2467	 0.013348	 1048475
2468	 0.013225	 1046432
2469	 0.013542	 1046856
2470	 0.013286	 1047280
2471	 0.013500	 1047704
2472	 0.013521	 1048128
2473	 0.013435	 1048552
2474	 0.013482	 1046502
2475	 0.013262	 1046925
2476	 0.013385	 1047348
2477	 0.013264	 1047771
2478	 0.013275	 1048194
2479	 0.013427	 1046138
2480	 0.013222	 1046560
2481	 0.013141	 1046982
2482	 0.013234	 1047404
2483	 0.013227	 1047826
2484	 0.013480	 1048248
2485	 0.013266	 1046185
2486	 0.013299	 1046606
2487	 0.013248	 1047027
2488	 0.013142	 1047448
2489	 0.013231	 1047869
2490	 0.013231	 1048290
2491	 0.013260	 1046220
2492	 0.013158	 1046640
2493	 0.013169	 1047060
2494	 0.013408	 1047480
2495	 0.013657	 1047900
2496	 0.013660	 1048320
2497	 0.013678	 1046243
2498	 0.013446	 1046662
2499	 0.013433	 1047081
2500	 0.013160	 1047500
2501	 0.013265	 1047919
2502	 0.013542	 1048338
2503	 0.013570	 1046254
2504	 0.013691	 1046672
2505	 0.013671	 1047090
2506	 0.013604	 1047508
2507	 0.013593	 1047926
2508	 0.013648	 1048344
2509	 0.013604	 1046253
2510	 0.013632	 1046670
2511	 0.013623	 1047087
2512	 0.013725	 1047504
2513	 0.013721	 1047921
2514	 0.013905	 1048338
2515	 0.013673	 1046240
2516	 0.013672	 1046656
2517	 0.013638	 1047072
2518	 0.013890	 1047488
2519	 0.013706	 1047904
2520	 0.013630	 1048320
2521	 0.013882	 1046215
2522	 0.013895	 1046630
2523	 0.013662	 1047045
2524	 0.013722	 1047460
2525	 0.013687	 1047875
2526	 0.013669	 1048290
2527	 0.013510	 1046178
2528	 0.013976	 1046592
2529	 0.013473	 1047006
2530	 0.013302	 1047420
2531	 0.013513	 1047834
2532	 0.013629	 1048248
2533	 0.013611	 1046129
2534	 0.013561	 1046542
2535	 0.013590	 1046955
2536	 0.013629	 1047368
2537	 0.013619	 1047781
2538	 0.013624	 1048194
2539	 0.013557	 1046068
2540	 0.014698	 1046480
2541	 0.013310	 1046892
2542	 0.013444	 1047304
2543	 0.013538	 1047716
2544	 0.014149	 1048128
2545	 0.013779	 1048540
2546	 0.013749	 1046406
2547	 0.013710	 1046817
2548	 0.013715	 1047228
2549	 0.013718	 1047639
2550	 0.013713	 1048050
2551	 0.013714	 1048461
2552	 0.013971	 1046320
2553	 0.013700	 1046730
2554	 0.014435	 1047140
2555	 0.016250	 1047550
2556	 0.014228	 1047960
2557	 0.012844	 1048370
2558	 0.012948	 1046222
2559	 0.013232	 1046631
2560	 0.013460	 1047040
2561	 0.013361	 1047449
2562	 0.013434	 1047858
2563	 0.013541	 1048267
2564	 0.013442	 1046112
2565	 0.013397	 1046520
2566	 0.013404	 1046928
2567	 0.013475	 1047336
2568	 0.013417	 1047744
2569	 0.013548	 1048152
2570	 0.013487	 1048560
2571	 0.013377	 1046397
2572	 0.013471	 1046804
2573	 0.013542	 1047211
2574	 0.013623	 1047618
2575	 0.013288	 1048025
2576	 0.013287	 1048432
2577	 0.013518	 1046262
2578	 0.013585	 1046668
2579	 0.013587	 1047074
2580	 0.013471	 1047480
2581	 0.013399	 1047886
2582	 0.013506	 1048292
2583	 0.013395	 1046115
2584	 0.013429	 1046520
2585	 0.013401	 1046925
2586	 0.013502	 1047330
2587	 0.013696	 1047735
2588	 0.013669	 1048140
2589	 0.014200	 1048545
2590	 0.013700	 1046360
2591	 0.013829	 1046764
2592	 0.013333	 1047168
2593	 0.013555	 1047572
2594	 0.013666	 1047976
2595	 0.013756	 1048380
2596	 0.013744	 1046188
2597	 0.013722	 1046591
2598	 0.013745	 1046994
2599	 0.013888	 1047397
2600	 0.013727	 1047800
2601	 0.014194	 1048203
2602	 0.013175	 1046004
2603	 0.013478	 1046406
2604	 0.014094	 1046808
2605	 0.013423	 1047210
2606	 0.013563	 1047612
2607	 0.013357	 1048014
2608	 0.013657	 1048416
2609	 0.013569	 1046209
2610	 0.013554	 1046610
2611	 0.013617	 1047011
2612	 0.013556	 1047412
2613	 0.013452	 1047813
2614	 0.013623	 1048214
2615	 0.013536	 1046000
2616	 0.013373	 1046400
2617	 0.013560	 1046800
2618	 0.013634	 1047200
2619	 0.013997	 1047600
2620	 0.013737	 1048000
2621	 0.013730	 1048400
2622	 0.013698	 1046178
2623	 0.013670	 1046577
2624	 0.013699	 1046976
2625	 0.014263	 1047375
2626	 0.014589	 1047774
2627	 0.015814	 1048173
2628	 0.017147	 1048572
2629	 0.014627	 1046342
2630	 0.014782	 1046740
2631	 0.014814	 1047138
2632	 0.014693	 1047536
2633	 0.013744	 1047934
2634	 0.013996	 1048332
2635	 0.013739	 1046095
2636	 0.013711	 1046492
2637	 0.013740	 1046889
2638	 0.014017	 1047286
2639	 0.014281	 1047683
2640	 0.014256	 1048080
2641	 0.014237	 1048477
2642	 0.014213	 1046232
2643	 0.014194	 1046628
2644	 0.014201	 1047024
2645	 0.014200	 1047420
2646	 0.014140	 1047816
2647	 0.014192	 1048212
2648	 0.014412	 1045960
2649	 0.014201	 1046355
2650	 0.014225	 1046750
2651	 0.014168	 1047145
2652	 0.014173	 1047540
2653	 0.014177	 1047935
2654	 0.014146	 1048330
2655	 0.014128	 1046070
2656	 0.014150	 1046464
2657	 0.014146	 1046858
2658	 0.014110	 1047252
2659	 0.014082	 1047646
2660	 0.014102	 1048040
2661	 0.014201	 1048434
2662	 0.014239	 1046166
2663	 0.014265	 1046559
2664	 0.014421	 1046952
2665	 0.013755	 1047345
2666	 0.014344	 1047738
2667	 0.013684	 1048131
2668	 0.015333	 1048524
2669	 0.015283	 1046248
2670	 0.015318	 1046640
2671	 0.014747	 1047032
2672	 0.014918	 1047424
2673	 0.013756	 1047816
2674	 0.013763	 1048208
2675	 0.013696	 1045925
2676	 0.013674	 1046316
2677	 0.014205	 1046707
2678	 0.013681	 1047098
2679	 0.013685	 1047489
2680	 0.013709	 1047880
2681	 0.013739	 1048271
2682	 0.013722	 1045980
2683	 0.013727	 1046370
2684	 0.013793	 1046760
2685	 0.013750	 1047150
2686	 0.013830	 1047540
2687	 0.014249	 1047930
2688	 0.014268	 1048320
2689	 0.014226	 1046021
2690	 0.014247	 1046410
2691	 0.014489	 1046799
2692	 0.014199	 1047188
2693	 0.014230	 1047577
2694	 0.014226	 1047966
2695	 0.014219	 1048355
2696	 0.014234	 1046048
2697	 0.014262	 1046436
2698	 0.014246	 1046824
2699	 0.014238	 1047212
2700	 0.014233	 1047600
2701	 0.014332	 1047988
2702	 0.014336	 1048376
2703	 0.014364	 1046061
2704	 0.014309	 1046448
2705	 0.014301	 1046835
2706	 0.014517	 1047222
2707	 0.014246	 1047609
2708	 0.014241	 1047996
2709	 0.014272	 1048383
2710	 0.015719	 1046060
2711	 0.014884	 1046446
2712	 0.014847	 1046832
2713	 0.014887	 1047218
2714	 0.014587	 1047604
2715	 0.014220	 1047990
2716	 0.014256	 1048376
2717	 0.014173	 1046045
2718	 0.014220	 1046430
2719	 0.014295	 1046815
2720	 0.014511	 1047200
2721	 0.014297	 1047585
2722	 0.014258	 1047970
2723	 0.014217	 1048355
2724	 0.014216	 1046016
2725	 0.014205	 1046400
2726	 0.014238	 1046784
2727	 0.014283	 1047168
2728	 0.014262	 1047552
2729	 0.014258	 1047936
2730	 0.014283	 1048320
2731	 0.014270	 1045973
2732	 0.014241	 1046356
2733	 0.014205	 1046739
2734	 0.014515	 1047122
2735	 0.014274	 1047505
2736	 0.014314	 1047888
2737	 0.014294	 1048271
2738	 0.014261	 1045916
2739	 0.014312	 1046298
2740	 0.014342	 1046680
2741	 0.013801	 1047062
2742	 0.014122	 1047444
2743	 0.014091	 1047826
2744	 0.013871	 1048208
2745	 0.013771	 1045845
2746	 0.013709	 1046226
2747	 0.013732	 1046607
2748	 0.013776	 1046988
2749	 0.013920	 1047369
2750	 0.013663	 1047750
2751	 0.013777	 1048131
2752	 0.014055	 1048512
2753	 0.014970	 1046140
2754	 0.014684	 1046520
2755	 0.014858	 1046900
2756	 0.014835	 1047280
2757	 0.014834	 1047660
2758	 0.014227	 1048040
2759	 0.014196	 1048420
2760	 0.014123	 1046040
2761	 0.014181	 1046419
2762	 0.014233	 1046798
2763	 0.014263	 1047177
2764	 0.014057	 1047556
2765	 0.014040	 1047935
2766	 0.014068	 1048314
2767	 0.014036	 1045926
2768	 0.013754	 1046304
2769	 0.013686	 1046682
2770	 0.013669	 1047060
2771	 0.013640	 1047438
2772	 0.013647	 1047816
2773	 0.014014	 1048194
2774	 0.013718	 1048572
2775	 0.013690	 1046175
2776	 0.013828	 1046552
2777	 0.013645	 1046929
2778	 0.013928	 1047306
2779	 0.013714	 1047683
2780	 0.013776	 1048060
2781	 0.013793	 1048437
2782	 0.013758	 1046032
2783	 0.013742	 1046408
2784	 0.013759	 1046784
2785	 0.013776	 1047160
2786	 0.013806	 1047536
2787	 0.013809	 1047912
2788	 0.013760	 1048288
2789	 0.013723	 1045875
2790	 0.013798	 1046250
2791	 0.013745	 1046625
2792	 0.013704	 1047000
2793	 0.013926	 1047375
2794	 0.013709	 1047750
2795	 0.013987	 1048125
2796	 0.014139	 1048500
2797	 0.014353	 1046078
2798	 0.014634	 1046452
2799	 0.014840	 1046826
2800	 0.014713	 1047200
2801	 0.014183	 1047574
2802	 0.014207	 1047948
2803	 0.014159	 1048322
2804	 0.013814	 1045892
2805	 0.013693	 1046265
2806	 0.013729	 1046638
2807	 0.014406	 1047011
2808	 0.013700	 1047384
2809	 0.013716	 1047757
2810	 0.013696	 1048130
2811	 0.013706	 1048503
2812	 0.014048	 1046064
2813	 0.013742	 1046436
2814	 0.014083	 1046808
2815	 0.013351	 1047180
2816	 0.013596	 1047552
2817	 0.013751	 1047924
2818	 0.013735	 1048296
2819	 0.013737	 1045849
2820	 0.013697	 1046220
2821	 0.013773	 1046591
2822	 0.014598	 1046962
2823	 0.013517	 1047333
2824	 0.013364	 1047704
2825	 0.013603	 1048075
2826	 0.013741	 1048446
2827	 0.013711	 1045990
2828	 0.013751	 1046360
2829	 0.013765	 1046730
2830	 0.013762	 1047100
2831	 0.013733	 1047470
2832	 0.013746	 1047840
2833	 0.013777	 1048210
2834	 0.013750	 1045746
2835	 0.013739	 1046115
2836	 0.013730	 1046484
2837	 0.014405	 1046853
2838	 0.014064	 1047222
2839	 0.014154	 1047591
2840	 0.014735	 1047960
2841	 0.014417	 1048329
2842	 0.014847	 1045856
2843	 0.014605	 1046224
2844	 0.014211	 1046592
2845	 0.014068	 1046960
2846	 0.013912	 1047328
2847	 0.013804	 1047696
2848	 0.013856	 1048064
2849	 0.013892	 1048432
2850	 0.013854	 1045950
2851	 0.014576	 1046317
2852	 0.014028	 1046684
2853	 0.013784	 1047051
2854	 0.014038	 1047418
2855	 0.013783	 1047785
2856	 0.013843	 1048152
2857	 0.013788	 1048519
2858	 0.013706	 1046028
2859	 0.013686	 1046394
2860	 0.013691	 1046760
2861	 0.013686	 1047126
2862	 0.013798	 1047492
2863	 0.013783	 1047858
2864	 0.013801	 1048224
2865	 0.013748	 1045725
2866	 0.013978	 1046090
2867	 0.013787	 1046455
2868	 0.013788	 1046820
2869	 0.013881	 1047185
2870	 0.013818	 1047550
2871	 0.013840	 1047915
2872	 0.013817	 1048280
2873	 0.013682	 1045772
2874	 0.013738	 1046136
2875	 0.013732	 1046500
2876	 0.013723	 1046864
2877	 0.013744	 1047228
2878	 0.013761	 1047592
2879	 0.013801	 1047956
2880	 0.013798	 1048320
2881	 0.014214	 1045803
2882	 0.014486	 1046166
2883	 0.014437	 1046529
2884	 0.014754	 1046892
2885	 0.014556	 1047255
2886	 0.014756	 1047618
2887	 0.013843	 1047981
2888	 0.014388	 1048344
2889	 0.014408	 1045818
2890	 0.015557	 1046180
2891	 0.017398	 1046542
2892	 0.015033	 1046904
2893	 0.014949	 1047266
2894	 0.015443	 1047628
2895	 0.014988	 1047990
2896	 0.014335	 1048352
2897	 0.014282	 1045817
2898	 0.014258	 1046178
2899	 0.014213	 1046539
2900	 0.014122	 1046900
2901	 0.013893	 1047261
2902	 0.013913	 1047622
2903	 0.013927	 1047983
2904	 0.013952	 1048344
2905	 0.013879	 1045800
2906	 0.013871	 1046160
2907	 0.013886	 1046520
2908	 0.013866	 1046880
2909	 0.014535	 1047240
2910	 0.014078	 1047600
2911	 0.013892	 1047960
2912	 0.014093	 1048320
2913	 0.013856	 1045767
2914	 0.013919	 1046126
2915	 0.013857	 1046485
2916	 0.013950	 1046844
2917	 0.013923	 1047203
2918	 0.013911	 1047562
2919	 0.013963	 1047921
2920	 0.013849	 1048280
2921	 0.013806	 1045718
2922	 0.014276	 1046076
2923	 0.014295	 1046434
2924	 0.014755	 1046792
2925	 0.014348	 1047150
2926	 0.014358	 1047508
2927	 0.014344	 1047866
2928	 0.014283	 1048224
2929	 0.014282	 1045653
2930	 0.014521	 1046010
2931	 0.015465	 1046367
2932	 0.015033	 1046724
2933	 0.014955	 1047081
2934	 0.014920	 1047438
2935	 0.015057	 1047795
2936	 0.014380	 1048152
2937	 0.014349	 1048509
2938	 0.014761	 1045928
2939	 0.014267	 1046284
2940	 0.014287	 1046640
2941	 0.014239	 1046996
2942	 0.014258	 1047352
2943	 0.014271	 1047708
2944	 0.014535	 1048064
2945	 0.014453	 1048420
2946	 0.014027	 1045830
2947	 0.014067	 1046185
2948	 0.014073	 1046540
2949	 0.014646	 1046895
2950	 0.014416	 1047250
2951	 0.014612	 1047605
2952	 0.014607	 1047960
2953	 0.014480	 1048315
2954	 0.014333	 1045716
2955	 0.014777	 1046070
2956	 0.013870	 1046424
2957	 0.013874	 1046778
2958	 0.013872	 1047132
2959	 0.013863	 1047486
2960	 0.014042	 1047840
2961	 0.014234	 1048194
2962	 0.014271	 1048548
2963	 0.014052	 1045939
2964	 0.014560	 1046292
2965	 0.013856	 1046645
2966	 0.013899	 1046998
2967	 0.014094	 1047351
2968	 0.015886	 1047704
2969	 0.015017	 1048057
2970	 0.014918	 1048410
2971	 0.014920	 1045792
2972	 0.016478	 1046144
2973	 0.014923	 1046496
2974	 0.015000	 1046848
2975	 0.014961	 1047200
2976	 0.015031	 1047552
2977	 0.014472	 1047904
2978	 0.014331	 1048256
2979	 0.014276	 1045629
2980	 0.014611	 1045980
2981	 0.014320	 1046331
2982	 0.014331	 1046682
2983	 0.014290	 1047033
2984	 0.014289	 1047384
2985	 0.014337	 1047735
2986	 0.014349	 1048086
2987	 0.014351	 1048437
2988	 0.014301	 1045800
2989	 0.014276	 1046150
2990	 0.014292	 1046500
2991	 0.014300	 1046850
2992	 0.014265	 1047200
2993	 0.014267	 1047550
2994	 0.014287	 1047900
2995	 0.014471	 1048250
2996	 0.014312	 1045604
2997	 0.014329	 1045953
2998	 0.014335	 1046302
2999	 0.014310	 1046651
3000	 0.014305	 1047000
3001	 0.014270	 1047349
3002	 0.014314	 1047698
3003	 0.014312	 1048047
3004	 0.014257	 1048396
3005	 0.014222	 1045740
3006	 0.014179	 1046088
3007	 0.014250	 1046436
3008	 0.014258	 1046784
3009	 0.014583	 1047132
3010	 0.014182	 1047480
3011	 0.014256	 1047828
3012	 0.014251	 1048176
3013	 0.014505	 1048524
3014	 0.014607	 1045858
3015	 0.015014	 1046205
3016	 0.014990	 1046552
3017	 0.014996	 1046899
3018	 0.014697	 1047246
3019	 0.014283	 1047593
3020	 0.014311	 1047940
3021	 0.014296	 1048287
3022	 0.014470	 1045612
3023	 0.014331	 1045958
3024	 0.013901	 1046304
3025	 0.014386	 1046650
3026	 0.013859	 1046996
3027	 0.013826	 1047342
3028	 0.013813	 1047688
3029	 0.013828	 1048034
3030	 0.013897	 1048380
3031	 0.013827	 1045695
3032	 0.013863	 1046040
3033	 0.013850	 1046385
3034	 0.013827	 1046730
3035	 0.013916	 1047075
3036	 0.013943	 1047420
3037	 0.013914	 1047765
3038	 0.014153	 1048110
3039	 0.013919	 1048455
3040	 0.013877	 1045760
3041	 0.013816	 1046104
3042	 0.013846	 1046448
3043	 0.013834	 1046792
3044	 0.013884	 1047136
3045	 0.013869	 1047480
3046	 0.013879	 1047824
3047	 0.013934	 1048168
3048	 0.013863	 1048512
3049	 0.013897	 1045807
3050	 0.013813	 1046150
3051	 0.013800	 1046493
3052	 0.014276	 1046836
3053	 0.013846	 1047179
3054	 0.013853	 1047522
3055	 0.013870	 1047865
3056	 0.014894	 1048208
3057	 0.014602	 1048551
3058	 0.014858	 1045836
3059	 0.014954	 1046178
3060	 0.014912	 1046520
3061	 0.014269	 1046862
3062	 0.014312	 1047204
3063	 0.014300	 1047546
3064	 0.014319	 1047888
3065	 0.014326	 1048230
3066	 0.014275	 1048572
3067	 0.014144	 1045847
3068	 0.013805	 1046188
3069	 0.013803	 1046529
3070	 0.014010	 1046870
3071	 0.013979	 1047211
3072	 0.014218	 1047552
3073	 0.013986	 1047893
3074	 0.013906	 1048234
3075	 0.013943	 1048575
3076	 0.013911	 1045840
3077	 0.013851	 1046180
3078	 0.013890	 1046520
3079	 0.013840	 1046860
3080	 0.014052	 1047200
3081	 0.014381	 1047540
3082	 0.013834	 1047880
3083	 0.014080	 1048220
3084	 0.014265	 1048560
3085	 0.014253	 1045815
3086	 0.014194	 1046154
3087	 0.013799	 1046493
3088	 0.014152	 1046832
3089	 0.014108	 1047171
3090	 0.013834	 1047510
3091	 0.013872	 1047849
3092	 0.013824	 1048188
3093	 0.013855	 1048527
3094	 0.013946	 1045772
3095	 0.013867	 1046110
3096	 0.014077	 1046448
3097	 0.013673	 1046786
3098	 0.014041	 1047124
3099	 0.014318	 1047462
3100	 0.014469	 1047800
3101	 0.014618	 1048138
3102	 0.014984	 1048476
3103	 0.014376	 1045711
3104	 0.014267	 1046048
3105	 0.013998	 1046385
3106	 0.013876	 1046722
3107	 0.013893	 1047059
3108	 0.013920	 1047396
3109	 0.013927	 1047733
3110	 0.014168	 1048070
3111	 0.013872	 1048407
3112	 0.013827	 1045632
3113	 0.013852	 1045968
3114	 0.013874	 1046304
3115	 0.014026	 1046640
3116	 0.013863	 1046976
3117	 0.013956	 1047312
3118	 0.013945	 1047648
3119	 0.013850	 1047984
3120	 0.013853	 1048320
3121	 0.013899	 1045535
3122	 0.013828	 1045870
3123	 0.013815	 1046205
3124	 0.013822	 1046540
3125	 0.014139	 1046875
3126	 0.013843	 1047210
3127	 0.013849	 1047545
3128	 0.013795	 1047880
3129	 0.013790	 1048215
3130	 0.013852	 1048550
3131	 0.013799	 1045754
3132	 0.013803	 1046088
3133	 0.013818	 1046422
3134	 0.013822	 1046756
3135	 0.013829	 1047090
3136	 0.013814	 1047424
3137	 0.014083	 1047758
3138	 0.013852	 1048092
3139	 0.013875	 1048426
3140	 0.014064	 1045620
3141	 0.014003	 1045953
3142	 0.013980	 1046286
3143	 0.014228	 1046619
3144	 0.014483	 1046952
3145	 0.014731	 1047285
3146	 0.014927	 1047618
3147	 0.014554	 1047951
3148	 0.014308	 1048284
3149	 0.014031	 1045468
3150	 0.013770	 1045800
3151	 0.013775	 1046132
3152	 0.013819	 1046464
3153	 0.013773	 1046796
3154	 0.014032	 1047128
3155	 0.013841	 1047460
3156	 0.013834	 1047792
3157	 0.013861	 1048124
3158	 0.013831	 1048456
3159	 0.013825	 1045629
3160	 0.014006	 1045960
3161	 0.013806	 1046291
3162	 0.013778	 1046622
3163	 0.013794	 1046953
3164	 0.013823	 1047284
3165	 0.013965	 1047615
3166	 0.013827	 1047946
3167	 0.013905	 1048277
3168	 0.013469	 1045440
3169	 0.013766	 1045770
3170	 0.013280	 1046100
3171	 0.013303	 1046430
3172	 0.013557	 1046760
3173	 0.013369	 1047090
3174	 0.013707	 1047420
3175	 0.013736	 1047750
3176	 0.013586	 1048080
3177	 0.013691	 1048410
3178	 0.013710	 1045562
3179	 0.013674	 1045891
3180	 0.013700	 1046220
3181	 0.013716	 1046549
3182	 0.013734	 1046878
3183	 0.013733	 1047207
3184	 0.013961	 1047536
3185	 0.014209	 1047865
3186	 0.014283	 1048194
3187	 0.014459	 1048523
3188	 0.014465	 1045664
3189	 0.014873	 1045992
3190	 0.014552	 1046320
3191	 0.014276	 1046648
3192	 0.014046	 1046976
3193	 0.013894	 1047304
3194	 0.013873	 1047632
3195	 0.013876	 1047960
3196	 0.013832	 1048288
3197	 0.013816	 1045419
3198	 0.013791	 1045746
3199	 0.014040	 1046073
3200	 0.013778	 1046400
3201	 0.013794	 1046727
3202	 0.013823	 1047054
3203	 0.013782	 1047381
3204	 0.013817	 1047708
3205	 0.013817	 1048035
3206	 0.013834	 1048362
3207	 0.013791	 1045482
3208	 0.013789	 1045808
3209	 0.013795	 1046134
3210	 0.013871	 1046460
3211	 0.013850	 1046786
3212	 0.013825	 1047112
3213	 0.014042	 1047438
3214	 0.013860	 1047764
3215	 0.013907	 1048090
3216	 0.013939	 1048416
3217	 0.013879	 1045525
3218	 0.013840	 1045850
3219	 0.013826	 1046175
3220	 0.013843	 1046500
3221	 0.013860	 1046825
3222	 0.013905	 1047150
3223	 0.013946	 1047475
3224	 0.013938	 1047800
3225	 0.013976	 1048125
3226	 0.013939	 1048450
3227	 0.013925	 1045548
3228	 0.014587	 1045872
3229	 0.014607	 1046196
3230	 0.014500	 1046520
3231	 0.014559	 1046844
3232	 0.014767	 1047168
3233	 0.014407	 1047492
3234	 0.013918	 1047816
3235	 0.014348	 1048140
3236	 0.013840	 1048464
3237	 0.013991	 1045551
3238	 0.013894	 1045874
3239	 0.013972	 1046197
3240	 0.013436	 1046520
3241	 0.013763	 1046843
3242	 0.013890	 1047166
3243	 0.014106	 1047489
3244	 0.013894	 1047812
3245	 0.013909	 1048135
3246	 0.013904	 1048458
3247	 0.013853	 1045534
3248	 0.013874	 1045856
3249	 0.013859	 1046178
3250	 0.013886	 1046500
3251	 0.013813	 1046822
3252	 0.013855	 1047144
3253	 0.013863	 1047466
3254	 0.013860	 1047788
3255	 0.013852	 1048110
3256	 0.013866	 1048432
3257	 0.014316	 1045497
3258	 0.013856	 1045818
3259	 0.013829	 1046139
3260	 0.013834	 1046460
3261	 0.013864	 1046781
3262	 0.013918	 1047102
3263	 0.013856	 1047423
3264	 0.013843	 1047744
3265	 0.013868	 1048065
3266	 0.013847	 1048386
3267	 0.013854	 1045440
3268	 0.013817	 1045760
3269	 0.013851	 1046080
3270	 0.013835	 1046400
3271	 0.014538	 1046720
3272	 0.014772	 1047040
3273	 0.014466	 1047360
3274	 0.014845	 1047680
3275	 0.014731	 1048000
3276	 0.014033	 1048320
3277	 0.013847	 1045363
3278	 0.013798	 1045682
3279	 0.013878	 1046001
3280	 0.013809	 1046320
3281	 0.013813	 1046639
3282	 0.013826	 1046958
3283	 0.013827	 1047277
3284	 0.013855	 1047596
3285	 0.014035	 1047915
3286	 0.014549	 1048234
3287	 0.013888	 1048553
3288	 0.013941	 1045584
3289	 0.013894	 1045902
3290	 0.013865	 1046220
3291	 0.013881	 1046538
3292	 0.013810	 1046856
3293	 0.013802	 1047174
3294	 0.013828	 1047492
3295	 0.013826	 1047810
3296	 0.013806	 1048128
3297	 0.013823	 1048446
3298	 0.013740	 1045466
3299	 0.013765	 1045783
3300	 0.013780	 1046100
3301	 0.014351	 1046417
3302	 0.013485	 1046734
3303	 0.013605	 1047051
3304	 0.013979	 1047368
3305	 0.013738	 1047685
3306	 0.013903	 1048002
3307	 0.013895	 1048319
3308	 0.013964	 1045328
3309	 0.014175	 1045644
3310	 0.013866	 1045960
3311	 0.013850	 1046276
3312	 0.013502	 1046592
3313	 0.013585	 1046908
3314	 0.018040	 1047224
3315	 0.014305	 1047540
3316	 0.014607	 1047856
3317	 0.017486	 1048172
3318	 0.013518	 1048488
3319	 0.013898	 1045485
3320	 0.014127	 1045800
3321	 0.013889	 1046115
3322	 0.013896	 1046430
3323	 0.013958	 1046745
3324	 0.013970	 1047060
3325	 0.013921	 1047375
3326	 0.013952	 1047690
3327	 0.013944	 1048005
3328	 0.014026	 1048320
3329	 0.013935	 1045306
3330	 0.017602	 1045620
3331	 0.013483	 1045934
3332	 0.013964	 1046248
3333	 0.014193	 1046562
3334	 0.013904	 1046876
3335	 0.013915	 1047190
3336	 0.013922	 1047504
3337	 0.013924	 1047818
3338	 0.013988	 1048132
3339	 0.013921	 1048446
3340	 0.013838	 1045420
3341	 0.013844	 1045733
3342	 0.013828	 1046046
3343	 0.013872	 1046359
3344	 0.013855	 1046672
3345	 0.017330	 1046985
3346	 0.013722	 1047298
3347	 0.013698	 1047611
3348	 0.013854	 1047924
3349	 0.013880	 1048237
3350	 0.013841	 1048550
3351	 0.013871	 1045512
3352	 0.013937	 1045824
3353	 0.013923	 1046136
3354	 0.013935	 1046448
3355	 0.013932	 1046760
3356	 0.014008	 1047072
3357	 0.014250	 1047384
3358	 0.014577	 1047696
3359	 0.014757	 1048008
3360	 0.014452	 1048320
3361	 0.014484	 1045271
3362	 0.013849	 1045582
3363	 0.013852	 1045893
3364	 0.013862	 1046204
3365	 0.013881	 1046515
3366	 0.013863	 1046826
3367	 0.013853	 1047137
3368	 0.013867	 1047448
3369	 0.013847	 1047759
3370	 0.013843	 1048070
3371	 0.013838	 1048381
3372	 0.014646	 1045320
3373	 0.013735	 1045630
3374	 0.014065	 1045940
3375	 0.012890	 1046250
3376	 0.013066	 1046560
3377	 0.013226	 1046870
3378	 0.013412	 1047180
3379	 0.014224	 1047490
3380	 0.013868	 1047800
3381	 0.013768	 1048110
3382	 0.013676	 1048420
3383	 0.013468	 1045347
3384	 0.013456	 1045656
3385	 0.013905	 1045965
3386	 0.013877	 1046274
3387	 0.013899	 1046583
3388	 0.013909	 1046892
3389	 0.014144	 1047201
3390	 0.013913	 1047510
3391	 0.013903	 1047819
3392	 0.013895	 1048128
3393	 0.013898	 1048437
3394	 0.013851	 1045352
3395	 0.013850	 1045660
3396	 0.013862	 1045968
3397	 0.013866	 1046276
3398	 0.013852	 1046584
3399	 0.014028	 1046892
3400	 0.014321	 1047200
3401	 0.014478	 1047508
3402	 0.014538	 1047816
3403	 0.015106	 1048124
3404	 0.014750	 1048432
3405	 0.014107	 1045335
3406	 0.013895	 1045642
3407	 0.013869	 1045949
3408	 0.013883	 1046256
3409	 0.013860	 1046563
3410	 0.013819	 1046870
3411	 0.013848	 1047177
3412	 0.013811	 1047484
3413	 0.013791	 1047791
3414	 0.013819	 1048098
3415	 0.013801	 1048405
3416	 0.013752	 1045296
3417	 0.013729	 1045602
3418	 0.014015	 1045908
3419	 0.013739	 1046214
3420	 0.013747	 1046520
3421	 0.013745	 1046826
3422	 0.013720	 1047132
3423	 0.013771	 1047438
3424	 0.013793	 1047744
3425	 0.013776	 1048050
3426	 0.013794	 1048356
3427	 0.013798	 1045235
3428	 0.013854	 1045540
3429	 0.013766	 1045845
3430	 0.013772	 1046150
3431	 0.013797	 1046455
3432	 0.013831	 1046760
3433	 0.014121	 1047065
3434	 0.013878	 1047370
3435	 0.013860	 1047675
3436	 0.013883	 1047980
3437	 0.013867	 1048285
3438	 0.013856	 1045152
3439	 0.013837	 1045456
3440	 0.013852	 1045760
3441	 0.013832	 1046064
3442	 0.014077	 1046368
3443	 0.014287	 1046672
3444	 0.014476	 1046976
3445	 0.014494	 1047280
3446	 0.014954	 1047584
3447	 0.014803	 1047888
3448	 0.013887	 1048192
3449	 0.013861	 1048496
3450	 0.013798	 1045350
3451	 0.013976	 1045653
3452	 0.014016	 1045956
3453	 0.013938	 1046259
3454	 0.013596	 1046562
3455	 0.013901	 1046865
3456	 0.014070	 1047168
3457	 0.013928	 1047471
3458	 0.013889	 1047774
3459	 0.014011	 1048077
3460	 0.013903	 1048380
3461	 0.013859	 1045222
3462	 0.014120	 1045524
3463	 0.013898	 1045826
3464	 0.013883	 1046128
3465	 0.013868	 1046430
3466	 0.013870	 1046732
3467	 0.013872	 1047034
3468	 0.013849	 1047336
3469	 0.013812	 1047638
3470	 0.013840	 1047940
3471	 0.013843	 1048242
3472	 0.013845	 1048544
3473	 0.013807	 1045373
3474	 0.013805	 1045674
3475	 0.013851	 1045975
3476	 0.013838	 1046276
3477	 0.014121	 1046577
3478	 0.013929	 1046878
3479	 0.013879	 1047179
3480	 0.014083	 1047480
3481	 0.013970	 1047781
3482	 0.013495	 1048082
3483	 0.013511	 1048383
3484	 0.012986	 1045200
3485	 0.013679	 1045500
3486	 0.014266	 1045800
3487	 0.016517	 1046100
3488	 0.014339	 1046400
3489	 0.014492	 1046700
3490	 0.014461	 1047000
3491	 0.014748	 1047300
3492	 0.013890	 1047600
3493	 0.013906	 1047900
3494	 0.013919	 1048200
3495	 0.013907	 1048500
3496	 0.013784	 1045304
3497	 0.016536	 1045603
3498	 0.013292	 1045902
3499	 0.013140	 1046201
3500	 0.012385	 1046500
3501	 0.018857	 1046799
3502	 0.021517	 1047098
3503	 0.020625	 1047397
3504	 0.020746	 1047696
3505	 0.020515	 1047995
3506	 0.017651	 1048294
3507	 0.019257	 1045086
3508	 0.020389	 1045384
3509	 0.020350	 1045682
3510	 0.020391	 1045980
3511	 0.020160	 1046278
3512	 0.017195	 1046576
3513	 0.019492	 1046874
3514	 0.020247	 1047172
3515	 0.022670	 1047470
3516	 0.020258	 1047768
3517	 0.020603	 1048066
3518	 0.019036	 1048364
3519	 0.018400	 1045143
3520	 0.020751	 1045440
3521	 0.020683	 1045737
3522	 0.021584	 1046034
3523	 0.022149	 1046331
3524	 0.036563	 1046628
3525	 0.035672	 1046925
3526	 0.022834	 1047222
3527	 0.020624	 1047519
3528	 0.023489	 1047816
3529	 0.018661	 1048113
3530	 0.014463	 1048410
3531	 0.017427	 1045176
3532	 0.023004	 1045472
3533	 0.026404	 1045768
3534	 0.018553	 1046064
3535	 0.021166	 1046360
3536	 0.025483	 1046656
3537	 0.019757	 1046952
3538	 0.021064	 1047248
3539	 0.014070	 1047544
3540	 0.014881	 1047840
3541	 0.014158	 1048136
3542	 0.018855	 1048432
3543	 0.020399	 1045185
3544	 0.016053	 1045480
3545	 0.015391	 1045775
3546	 0.012829	 1046070
3547	 0.014337	 1046365
3548	 0.012999	 1046660
3549	 0.013087	 1046955
3550	 0.013512	 1047250
3551	 0.013617	 1047545
3552	 0.014055	 1047840
3553	 0.014067	 1048135
3554	 0.014036	 1048430
3555	 0.014003	 1045170
3556	 0.013992	 1045464
3557	 0.013969	 1045758
3558	 0.015187	 1046052
3559	 0.014533	 1046346
3560	 0.014045	 1046640
3561	 0.014023	 1046934
3562	 0.014020	 1047228
3563	 0.014046	 1047522
3564	 0.014141	 1047816
3565	 0.014109	 1048110
3566	 0.014003	 1048404
3567	 0.013956	 1045131
3568	 0.014014	 1045424
3569	 0.013967	 1045717
3570	 0.014073	 1046010
3571	 0.013963	 1046303
3572	 0.014010	 1046596
3573	 0.015049	 1046889
3574	 0.014057	 1047182
3575	 0.013732	 1047475
3576	 0.013704	 1047768
3577	 0.013646	 1048061
3578	 0.013818	 1048354
3579	 0.014005	 1045068
3580	 0.014021	 1045360
3581	 0.014132	 1045652
3582	 0.014142	 1045944
3583	 0.014038	 1046236
3584	 0.014014	 1046528
3585	 0.014037	 1046820
3586	 0.014011	 1047112
3587	 0.015697	 1047404
3588	 0.014213	 1047696
3589	 0.014078	 1047988
3590	 0.014786	 1048280
3591	 0.015821	 1048572
3592	 0.017419	 1045272
3593	 0.017882	 1045563
3594	 0.015777	 1045854
3595	 0.018561	 1046145
3596	 0.014565	 1046436
3597	 0.025414	 1046727
3598	 0.023581	 1047018
3599	 0.017649	 1047309
3600	 0.024507	 1047600
3601	 0.030074	 1047891
3602	 0.019311	 1048182
3603	 0.025681	 1048473
3604	 0.031019	 1045160
3605	 0.020929	 1045450
3606	 0.023248	 1045740
3607	 0.022938	 1046030
3608	 0.016117	 1046320
3609	 0.023597	 1046610
3610	 0.027126	 1046900
3611	 0.014016	 1047190
3612	 0.019744	 1047480
3613	 0.022485	 1047770
3614	 0.021670	 1048060
3615	 0.017409	 1048350
3616	 0.021711	 1045024
3617	 0.016929	 1045313
3618	 0.020749	 1045602
3619	 0.019383	 1045891
3620	 0.014041	 1046180
3621	 0.018923	 1046469
3622	 0.017405	 1046758
3623	 0.015910	 1047047
3624	 0.016082	 1047336
3625	 0.017468	 1047625
3626	 0.015448	 1047914
3627	 0.014473	 1048203
3628	 0.014523	 1048492
3629	 0.014628	 1045152
3630	 0.014750	 1045440
3631	 0.013970	 1045728
3632	 0.014332	 1046016
3633	 0.014488	 1046304
3634	 0.014401	 1046592
3635	 0.013913	 1046880
3636	 0.013786	 1047168
3637	 0.013836	 1047456
3638	 0.013608	 1047744
3639	 0.013575	 1048032
3640	 0.013542	 1048320
3641	 0.013459	 1044967
3642	 0.013534	 1045254
3643	 0.013605	 1045541
3644	 0.013421	 1045828
3645	 0.013523	 1046115
3646	 0.013485	 1046402
3647	 0.013505	 1046689
3648	 0.013558	 1046976
3649	 0.013535	 1047263
3650	 0.013523	 1047550
3651	 0.013441	 1047837
3652	 0.013417	 1048124
3653	 0.013304	 1048411
3654	 0.013531	 1045044
3655	 0.013675	 1045330
3656	 0.013657	 1045616
3657	 0.013651	 1045902
3658	 0.013657	 1046188
3659	 0.013663	 1046474
3660	 0.013724	 1046760
3661	 0.013698	 1047046
3662	 0.013712	 1047332
3663	 0.013732	 1047618
3664	 0.013688	 1047904
3665	 0.013720	 1048190
3666	 0.013825	 1048476
3667	 0.013873	 1045095
3668	 0.013914	 1045380
3669	 0.013689	 1045665
3670	 0.013521	 1045950
3671	 0.013520	 1046235
3672	 0.013542	 1046520
3673	 0.013507	 1046805
3674	 0.013616	 1047090
3675	 0.013573	 1047375
3676	 0.013481	 1047660
3677	 0.013598	 1047945
3678	 0.013519	 1048230
3679	 0.013608	 1048515
3680	 0.013597	 1045120
3681	 0.013467	 1045404
3682	 0.013469	 1045688
3683	 0.013787	 1045972
3684	 0.013838	 1046256
3685	 0.013534	 1046540
3686	 0.013695	 1046824
3687	 0.013683	 1047108
3688	 0.013783	 1047392
3689	 0.013734	 1047676
3690	 0.013612	 1047960
3691	 0.013630	 1048244
3692	 0.013732	 1048528
3693	 0.013570	 1045119
3694	 0.013552	 1045402
3695	 0.013649	 1045685
3696	 0.013884	 1045968
3697	 0.014052	 1046251
3698	 0.014074	 1046534
3699	 0.013605	 1046817
3700	 0.013467	 1047100
3701	 0.014301	 1047383
3702	 0.013631	 1047666
3703	 0.013671	 1047949
3704	 0.013459	 1048232
3705	 0.013538	 1048515
3706	 0.013543	 1045092
3707	 0.013483	 1045374
3708	 0.013421	 1045656
3709	 0.013474	 1045938
3710	 0.013559	 1046220
3711	 0.013371	 1046502
3712	 0.013642	 1046784
3713	 0.013716	 1047066
3714	 0.013803	 1047348
3715	 0.013939	 1047630
3716	 0.013915	 1047912
3717	 0.013905	 1048194
3718	 0.013860	 1048476
3719	 0.013882	 1045039
3720	 0.013758	 1045320
3721	 0.013802	 1045601
3722	 0.013759	 1045882
3723	 0.013763	 1046163
3724	 0.013715	 1046444
3725	 0.013738	 1046725
3726	 0.013730	 1047006
3727	 0.013812	 1047287
3728	 0.013838	 1047568
3729	 0.013794	 1047849
3730	 0.013827	 1048130
3731	 0.013813	 1048411
3732	 0.013814	 1044960
3733	 0.013912	 1045240
3734	 0.013901	 1045520
3735	 0.013910	 1045800
3736	 0.013992	 1046080
3737	 0.013746	 1046360
3738	 0.013650	 1046640
3739	 0.013444	 1046920
3740	 0.013644	 1047200
3741	 0.013593	 1047480
3742	 0.013514	 1047760
3743	 0.013609	 1048040
3744	 0.013648	 1048320
3745	 0.013589	 1044855
3746	 0.013621	 1045134
3747	 0.013533	 1045413
3748	 0.013751	 1045692
3749	 0.013679	 1045971
3750	 0.013737	 1046250
3751	 0.013586	 1046529
3752	 0.013536	 1046808
3753	 0.013483	 1047087
3754	 0.013590	 1047366
3755	 0.013505	 1047645
3756	 0.013743	 1047924
3757	 0.013345	 1048203
3758	 0.013681	 1048482
3759	 0.013726	 1045002
3760	 0.013760	 1045280
3761	 0.013769	 1045558
3762	 0.013726	 1045836
3763	 0.013717	 1046114
3764	 0.013848	 1046392
3765	 0.013835	 1046670
3766	 0.013351	 1046948
3767	 0.013685	 1047226
3768	 0.013654	 1047504
3769	 0.013897	 1047782
3770	 0.013775	 1048060
3771	 0.013815	 1048338
3772	 0.013763	 1044844
3773	 0.013751	 1045121
3774	 0.013733	 1045398
3775	 0.013647	 1045675
3776	 0.013539	 1045952
3777	 0.013543	 1046229
3778	 0.013530	 1046506
3779	 0.013457	 1046783
3780	 0.013474	 1047060
3781	 0.013518	 1047337
3782	 0.013648	 1047614
3783	 0.013600	 1047891
3784	 0.013600	 1048168
3785	 0.013324	 1048445
3786	 0.013308	 1044936
3787	 0.013516	 1045212
3788	 0.013453	 1045488
3789	 0.013395	 1045764
3790	 0.013612	 1046040
3791	 0.013473	 1046316
3792	 0.013571	 1046592
3793	 0.013582	 1046868
3794	 0.013567	 1047144
3795	 0.013504	 1047420
3796	 0.018000	 1047696
3797	 0.013325	 1047972
3798	 0.013752	 1048248
3799	 0.014009	 1048524
3800	 0.015736	 1045000
3801	 0.016288	 1045275
3802	 0.013225	 1045550
3803	 0.013569	 1045825
3804	 0.013514	 1046100
3805	 0.013559	 1046375
3806	 0.014059	 1046650
3807	 0.013602	 1046925
3808	 0.013470	 1047200
3809	 0.013427	 1047475
3810	 0.013684	 1047750
3811	 0.013440	 1048025
3812	 0.013964	 1048300
3813	 0.014359	 1048575
3814	 0.013803	 1045036
3815	 0.014406	 1045310
3816	 0.014384	 1045584
3817	 0.014761	 1045858
3818	 0.014302	 1046132
3819	 0.013841	 1046406
3820	 0.013739	 1046680
3821	 0.013209	 1046954
3822	 0.013403	 1047228
3823	 0.013401	 1047502
3824	 0.013835	 1047776
3825	 0.013727	 1048050
3826	 0.013876	 1048324
3827	 0.017691	 1044771
3828	 0.017130	 1045044
3829	 0.014467	 1045317
3830	 0.015797	 1045590
3831	 0.023422	 1045863
3832	 0.016280	 1046136
3833	 0.016950	 1046409
3834	 0.017593	 1046682
3835	 0.014472	 1046955
3836	 0.018687	 1047228
3837	 0.017567	 1047501
3838	 0.017163	 1047774
3839	 0.015620	 1048047
3840	 0.020095	 1048320
3841	 0.018702	 1044752
3842	 0.019147	 1045024
3843	 0.013947	 1045296
3844	 0.015880	 1045568
3845	 0.014109	 1045840
3846	 0.014746	 1046112
3847	 0.014498	 1046384
3848	 0.013450	 1046656
3849	 0.013428	 1046928
3850	 0.013353	 1047200
3851	 0.013358	 1047472
3852	 0.013578	 1047744
3853	 0.013681	 1048016
3854	 0.013777	 1048288
3855	 0.013795	 1048560
3856	 0.013817	 1044976
3857	 0.013702	 1045247
3858	 0.013374	 1045518
3859	 0.013417	 1045789
3860	 0.013381	 1046060
3861	 0.013401	 1046331
3862	 0.013407	 1046602
3863	 0.013405	 1046873
3864	 0.013473	 1047144
3865	 0.013402	 1047415
3866	 0.013392	 1047686
3867	 0.013362	 1047957
3868	 0.013435	 1048228
3869	 0.013363	 1048499
3870	 0.013318	 1044900
3871	 0.013364	 1045170
3872	 0.013381	 1045440
3873	 0.013402	 1045710
3874	 0.013586	 1045980
3875	 0.013805	 1046250
3876	 0.013811	 1046520
3877	 0.013815	 1046790
3878	 0.013800	 1047060
3879	 0.013793	 1047330
3880	 0.013797	 1047600
3881	 0.013494	 1047870
3882	 0.013422	 1048140
3883	 0.013425	 1048410
3884	 0.013387	 1044796
3885	 0.013351	 1045065
3886	 0.013372	 1045334
3887	 0.013426	 1045603
3888	 0.013344	 1045872
3889	 0.013353	 1046141
3890	 0.013375	 1046410
3891	 0.013359	 1046679
3892	 0.013400	 1046948
3893	 0.013355	 1047217
3894	 0.013364	 1047486
3895	 0.013320	 1047755
3896	 0.013370	 1048024
3897	 0.013351	 1048293
3898	 0.013363	 1048562
3899	 0.013369	 1044932
3900	 0.015316	 1045200
3901	 0.014173	 1045468
3902	 0.014440	 1045736
3903	 0.014450	 1046004
3904	 0.014339	 1046272
3905	 0.013827	 1046540
3906	 0.013774	 1046808
3907	 0.013774	 1047076
3908	 0.013574	 1047344
3909	 0.013604	 1047612
3910	 0.013485	 1047880
3911	 0.013487	 1048148
3912	 0.015062	 1048416
3913	 0.014054	 1044771
3914	 0.013993	 1045038
3915	 0.014203	 1045305
3916	 0.013900	 1045572
3917	 0.013439	 1045839
3918	 0.013369	 1046106
3919	 0.013372	 1046373
3920	 0.013363	 1046640
3921	 0.013340	 1046907
3922	 0.013655	 1047174
3923	 0.013557	 1047441
3924	 0.013989	 1047708
3925	 0.013953	 1047975
3926	 0.013986	 1048242
3927	 0.013907	 1048509
3928	 0.013337	 1044848
3929	 0.013612	 1045114
3930	 0.013701	 1045380
3931	 0.013686	 1045646
3932	 0.013714	 1045912
3933	 0.013682	 1046178
3934	 0.013770	 1046444
3935	 0.013767	 1046710
3936	 0.014342	 1046976
3937	 0.014347	 1047242
3938	 0.014401	 1047508
3939	 0.014065	 1047774
3940	 0.013743	 1048040
3941	 0.013789	 1048306
3942	 0.013473	 1048572
3943	 0.013346	 1044895
3944	 0.013359	 1045160
3945	 0.013578	 1045425
3946	 0.013644	 1045690
3947	 0.013728	 1045955
3948	 0.013948	 1046220
3949	 0.016006	 1046485
3950	 0.016736	 1046750
3951	 0.015415	 1047015
3952	 0.016734	 1047280
3953	 0.017785	 1047545
3954	 0.016581	 1047810
3955	 0.016583	 1048075
3956	 0.014899	 1048340
3957	 0.016340	 1044648
3958	 0.015717	 1044912
3959	 0.016372	 1045176
3960	 0.017477	 1045440
3961	 0.016689	 1045704
3962	 0.014943	 1045968
3963	 0.016251	 1046232
3964	 0.016231	 1046496
3965	 0.015001	 1046760
3966	 0.015702	 1047024
3967	 0.014518	 1047288
3968	 0.014681	 1047552
3969	 0.014896	 1047816
3970	 0.014867	 1048080
3971	 0.015008	 1048344
3972	 0.014294	 1044636
3973	 0.014177	 1044899
3974	 0.014167	 1045162
3975	 0.014202	 1045425
3976	 0.014292	 1045688
3977	 0.013770	 1045951
3978	 0.013317	 1046214
3979	 0.013634	 1046477
3980	 0.013804	 1046740
3981	 0.013834	 1047003
3982	 0.013829	 1047266
3983	 0.013843	 1047529
3984	 0.015314	 1047792
3985	 0.013824	 1048055
3986	 0.013881	 1048318
3987	 0.013821	 1044594
3988	 0.014011	 1044856
3989	 0.014212	 1045118
3990	 0.014225	 1045380
3991	 0.014246	 1045642
3992	 0.014229	 1045904
3993	 0.014324	 1046166
3994	 0.014230	 1046428
3995	 0.014586	 1046690
3996	 0.014916	 1046952
3997	 0.015067	 1047214
3998	 0.015515	 1047476
3999	 0.014933	 1047738
4000	 0.014863	 1048000
4001	 0.014805	 1048262
4002	 0.015091	 1048524
4003	 0.018934	 1044783
4004	 0.015520	 1045044
4005	 0.015560	 1045305
4006	 0.015294	 1045566
4007	 0.014813	 1045827
4008	 0.018614	 1046088
4009	 0.015582	 1046349
4010	 0.015497	 1046610
4011	 0.015505	 1046871
4012	 0.015283	 1047132
4013	 0.018616	 1047393
4014	 0.015596	 1047654
4015	 0.015462	 1047915
4016	 0.015469	 1048176
4017	 0.014864	 1048437
4018	 0.014441	 1044680
4019	 0.014255	 1044940
4020	 0.018051	 1045200
4021	 0.015480	 1045460
4022	 0.015619	 1045720
4023	 0.015517	 1045980
4024	 0.015472	 1046240
4025	 0.017081	 1046500
4026	 0.015541	 1046760
4027	 0.015520	 1047020
4028	 0.015573	 1047280
4029	 0.015115	 1047540
4030	 0.014895	 1047800
4031	 0.016935	 1048060
4032	 0.015525	 1048320
4033	 0.015468	 1044547
4034	 0.015508	 1044806
4035	 0.015093	 1045065
4036	 0.014895	 1045324
4037	 0.014829	 1045583
4038	 0.014061	 1045842
4039	 0.014018	 1046101
4040	 0.014234	 1046360
4041	 0.014486	 1046619
4042	 0.014557	 1046878
4043	 0.014846	 1047137
4044	 0.015139	 1047396
4045	 0.018201	 1047655
4046	 0.015584	 1047914
4047	 0.015472	 1048173
4048	 0.015707	 1048432
4049	 0.020850	 1044642
4050	 0.015477	 1044900
4051	 0.018938	 1045158
4052	 0.017808	 1045416
4053	 0.018073	 1045674
4054	 0.015616	 1045932
4055	 0.017627	 1046190
4056	 0.018946	 1046448
4057	 0.017735	 1046706
4058	 0.016491	 1046964
4059	 0.017736	 1047222
4060	 0.017726	 1047480
4061	 0.015776	 1047738
4062	 0.017301	 1047996
4063	 0.015776	 1048254
4064	 0.015624	 1048512
4065	 0.015751	 1044705
4066	 0.016016	 1044962
4067	 0.015775	 1045219
4068	 0.015415	 1045476
4069	 0.015212	 1045733
4070	 0.014897	 1045990
4071	 0.015896	 1046247
4072	 0.015643	 1046504
4073	 0.015666	 1046761
4074	 0.015568	 1047018
4075	 0.015236	 1047275
4076	 0.014865	 1047532
4077	 0.014932	 1047789
4078	 0.015052	 1048046
4079	 0.015005	 1048303
4080	 0.015004	 1048560
4081	 0.014747	 1044736
4082	 0.014915	 1044992
4083	 0.014964	 1045248
4084	 0.014978	 1045504
4085	 0.015809	 1045760
4086	 0.015900	 1046016
4087	 0.015565	 1046272
4088	 0.016410	 1046528
4089	 0.015888	 1046784
4090	 0.015183	 1047040
4091	 0.015041	 1047296
4092	 0.015725	 1047552
4093	 0.015395	 1047808
4094	 0.015639	 1048064
4095	 0.015966	 1048320
4096	 0.015996	 1048576
