basic
0.012145
0.011792
0.011304
0.011966
0.013479
0.012480
0.012478
0.011429
0.010257
0.009685
0.009429
0.009145
0.008762
0.008825
0.008675
0.008458
0.008352
0.008289
0.007861
0.007933
0.007978
0.007893
0.007878
0.007792
0.008025
0.007982
0.008093
0.008300
0.008218
0.007972
0.007961
0.007884
0.007716
0.007937
0.007948
0.007731
0.007802
0.007726
0.007825
0.007999
0.008016
0.007985
0.007862
0.008030
0.007987
0.007848
0.007818
0.007788
0.007789
0.007900
0.007997
0.007800
0.007979
0.007829
0.008064
0.007923
0.007970
0.007814
0.007969
0.007910
0.007912
0.007949
0.007970
0.007834
0.007907
0.007838
0.007949
0.007875
0.007984
0.007893
0.007830
0.007821
0.007898
0.007854
0.007970
0.007854
0.007916
0.007909
0.007977
0.007843
0.007890
0.007822
0.007998
0.007743
0.007827
0.007822
0.007973
0.007906
0.007775
0.007965
0.007800
0.007899
0.007907
0.007999
0.007936
0.007795
0.007868
0.007805
0.008169
0.009134
