small
0.010030
0.010196
0.009753
0.008309
0.008370
0.010670
0.011887
0.009063
0.008502
0.008143
0.007793
0.007353
0.007087
0.006995
0.006985
0.006798
0.006718
0.006548
0.006208
0.006321
0.006208
0.005958
0.006014
0.006810
0.006539
0.006949
0.006536
0.006498
0.006238
0.006276
0.006042
0.005958
0.005956
0.005960
0.005957
0.005964
0.005957
0.005958
0.005956
0.005958
0.005960
0.005967
0.005957
0.005963
0.005985
0.005959
0.005957
0.005958
0.005956
0.005958
0.005956
0.005956
0.005959
0.005956
0.005957
0.005957
0.005959
0.005957
0.005958
0.005957
0.005959
0.005956
0.005958
0.005957
0.005960
0.005957
0.005958
0.005956
0.005958
0.005956
0.005958
0.005956
0.005958
0.005956
0.005957
0.005957
0.005959
0.005956
0.005958
0.005956
0.005957
0.005956
0.005958
0.005957
0.005958
0.005956
0.005964
0.005956
0.005958
0.005956
0.005958
0.005976
0.005961
0.005958
0.005958
0.005956
0.007764
0.005975
0.005960
0.005957
