listsize avgblocksize
1 65304.00
1 64416.00
1 63576.00
1 62944.00
1 62008.00
1 61904.00
1 61608.00
1 60896.00
1 60120.00
1 59088.00
1 58632.00
1 57696.00
1 57016.00
1 56608.00
1 55784.00
1 54992.00
1 54888.00
1 54256.00
1 53384.00
1 53216.00
1 53016.00
1 52688.00
1 51976.00
1 51408.00
1 51288.00
1 50704.00
1 50312.00
1 49504.00
1 49480.00
1 48592.00
1 48120.00
1 47888.00
1 47160.00
1 46896.00
1 46040.00
1 45424.00
1 45064.00
1 44960.00
1 44680.00
1 44576.00
1 44472.00
2 22232.00
3 14717.33
3 14717.33
4 11062.00
5 9016.00
6 7641.33
6 7641.33
7 6546.29
7 6546.29
8 5729.00
9 5057.78
9 5147.56
9 5147.56
9 5147.56
9 5147.56
9 5080.89
9 5080.89
9 5021.33
9 4952.89
10 4495.20
10 4598.40
11 4134.55
12 3732.00
11 4081.45
11 4022.55
12 3747.33
13 3468.31
13 3412.31
13 3412.31
13 3490.46
12 3758.00
12 3758.00
12 3708.00
12 3663.33
12 3608.00
12 3576.67
13 3232.00
13 3280.62
14 2998.86
14 3022.86
14 3010.86
14 3010.86
14 2942.86
14 2954.29
15 2798.40
15 2828.80
15 2828.80
16 2611.50
17 2485.18
17 2466.82
18 2378.67
18 2378.67
18 2378.67
18 2412.89
18 2396.44
18 2396.44
18 2396.44
18 2396.44
18 2372.89
18 2372.89
18 2394.67
18 2394.67
18 2412.00
18 2412.00
18 2371.56
18 2371.56
18 2353.33
18 2343.56
18 2312.00
18 2325.33
18 2269.78
19 2193.26
19 2176.00
19 2225.26
19 2262.74
19 2315.37
19 2315.37
19 2285.47
20 2187.60
19 2347.37
19 2347.37
19 2314.11
19 2314.11
19 2344.00
19 2344.00
19 2344.00
19 2344.00
19 2342.32
19 2342.32
19 2342.32
20 2220.80
20 2220.80
20 2208.40
20 2238.80
20 2230.40
20 2182.80
20 2182.80
20 2196.40
20 2165.60
21 2070.10
21 2070.10
22 1964.00
22 1964.00
22 1925.82
22 1904.36
21 1985.52
20 2114.40
20 2072.80
21 2019.81
22 1882.55
22 1882.55
23 1829.57
23 1829.57
23 1811.83
23 1822.61
23 1822.61
24 1768.00
24 1780.33
24 1750.67
24 1741.67
24 1709.33
24 1709.33
24 1732.67
24 1691.00
23 1763.48
23 1763.48
24 1658.33
24 1658.33
23 1712.70
23 1712.70
23 1756.17
23 1734.26
22 1854.91
22 1876.36
22 1899.64
22 1899.64
21 1990.48
21 1952.00
21 1968.76
21 1939.43
22 1886.91
22 1886.91
23 1793.39
23 1793.39
24 1733.00
23 1773.22
23 1773.22
23 1752.35
23 1729.04
24 1686.00
24 1710.67
25 1667.20
25 1667.20
24 1750.67
24 1750.67
24 1773.00
24 1733.33
24 1728.33
23 1768.35
23 1779.83
22 1879.64
22 1889.45
22 1889.45
22 1889.45
23 1830.96
23 1817.74
23 1813.91
22 1904.73
22 1950.18
22 1993.45
22 1993.45
22 1990.55
22 1990.55
22 1990.55
23 1932.52
23 1949.22
23 1947.13
23 1939.13
24 1861.67
24 1824.67
24 1804.33
24 1810.33
23 1926.61
23 1951.30
23 1969.74
23 1954.09
22 2011.27
22 2047.27
22 2025.82
22 2025.82
22 2025.82
22 2034.55
22 2039.27
22 2078.91
21 2189.71
21 2141.33
21 2141.33
21 2106.67
21 2097.14
21 2145.52
21 2135.24
22 2021.09
22 2021.09
22 2059.27
21 2169.14
21 2169.14
21 2169.14
22 2070.91
22 2045.09
22 2054.18
21 2193.90
21 2202.67
21 2181.33
21 2142.10
22 2060.73
22 2026.91
21 2139.81
21 2139.81
21 2139.81
20 2256.00
20 2214.00
20 2214.00
20 2221.60
20 2224.40
20 2230.80
19 2360.84
19 2385.68
19 2411.37
19 2457.26
19 2457.26
19 2459.79
19 2452.63
19 2399.16
19 2429.05
18 2519.11
19 2395.79
20 2299.20
20 2299.20
20 2282.80
20 2267.60
20 2267.60
20 2216.00
20 2246.80
20 2209.60
21 2089.52
21 2089.52
21 2111.62
21 2151.62
21 2151.62
21 2136.38
21 2185.52
21 2185.52
22 2105.45
22 2105.45
22 2102.91
22 2102.91
21 2222.48
21 2208.00
20 2362.40
20 2362.40
20 2362.40
20 2399.60
19 2526.32
19 2537.68
19 2585.26
19 2585.26
19 2566.32
18 2703.11
18 2698.67
18 2698.67
18 2659.11
18 2659.11
18 2622.22
18 2640.89
18 2643.11
18 2643.11
18 2643.11
18 2627.56
18 2677.78
17 2855.53
17 2819.29
17 2819.29
17 2819.29
17 2828.24
17 2828.24
17 2805.18
17 2853.65
17 2853.65
17 2838.12
17 2838.12
17 2810.35
17 2862.12
17 2841.88
17 2793.41
17 2793.41
16 2940.50
16 2958.50
16 2937.00
16 2900.50
17 2683.29
17 2632.47
17 2617.88
18 2492.00
18 2456.89
18 2411.11
18 2362.67
19 2253.05
19 2296.42
19 2290.11
19 2290.11
19 2290.11
19 2252.63
18 2400.00
19 2304.00
19 2304.00
20 2221.60
21 2120.00
21 2143.62
21 2128.00
21 2098.67
21 2098.67
21 2105.14
21 2113.52
21 2113.52
21 2086.48
21 2086.48
20 2238.40
20 2238.40
20 2254.80
20 2245.20
20 2222.40
20 2238.00
20 2193.60
20 2170.80
20 2170.80
20 2170.80
20 2160.40
20 2128.00
20 2128.00
20 2128.00
20 2077.20
21 2012.57
21 2010.67
21 2002.67
21 2002.67
21 2002.67
21 1990.10
22 1916.00
22 1949.82
22 1923.27
23 1864.00
23 1833.04
23 1818.78
23 1838.96
23 1794.78
23 1818.78
24 1779.00
24 1791.00
24 1772.67
24 1772.67
25 1712.64
25 1712.64
25 1713.28
24 1786.67
24 1828.33
24 1795.00
24 1795.00
24 1772.00
23 1863.65
22 1989.09
22 1989.09
21 2078.10
21 2078.10
21 2083.81
21 2057.52
21 2087.24
21 2063.24
20 2145.20
20 2145.20
20 2138.80
20 2138.80
20 2138.80
20 2138.80
20 2105.60
20 2127.60
20 2084.00
20 2113.20
20 2136.00
20 2094.40
21 1966.10
21 1966.10
21 1968.00
21 2007.24
21 1991.62
21 1988.19
20 2134.80
20 2133.20
20 2133.20
20 2133.20
19 2258.95
19 2229.89
19 2229.89
19 2283.37
19 2294.74
20 2179.60
20 2158.40
20 2122.40
20 2136.40
19 2252.21
19 2246.74
19 2230.74
19 2230.74
19 2219.37
19 2176.00
19 2168.00
18 2259.56
18 2232.00
18 2232.00
18 2192.44
18 2226.67
19 2138.11
19 2138.11
19 2184.42
18 2324.00
18 2370.22
18 2406.22
18 2446.67
19 2336.84
19 2320.42
19 2350.32
19 2314.53
19 2314.53
19 2301.47
19 2272.42
19 2272.42
19 2288.00
19 2288.00
19 2269.05
19 2269.05
19 2278.74
20 2152.40
20 2140.00
20 2140.00
19 2296.42
19 2294.32
20 2222.80
21 2136.76
21 2136.76
21 2123.81
21 2138.29
21 2131.05
21 2131.05
21 2094.48
22 2001.82
22 2001.82
23 1934.26
22 2060.00
22 2060.00
22 2080.73
22 2087.64
22 2089.09
22 2089.09
22 2072.00
21 2211.81
21 2211.81
21 2211.81
21 2210.67
21 2244.57
21 2232.00
21 2254.86
22 2154.18
21 2238.86
20 2350.40
19 2434.11
19 2434.11
19 2403.37
18 2557.33
18 2560.44
18 2560.44
19 2462.74
19 2429.05
19 2445.05
20 2328.80
20 2288.40
20 2278.80
20 2301.60
20 2301.60
21 2194.67
21 2194.67
21 2208.00
21 2193.14
21 2230.86
21 2196.95
21 2227.81
21 2227.81
21 2178.67
20 2276.80
20 2276.80
20 2264.40
20 2264.40
20 2240.80
20 2212.40
20 2205.20
20 2153.60
20 2153.60
20 2156.00
20 2190.80
20 2188.80
21 2092.95
21 2092.95
21 2046.10
20 2194.80
20 2191.20
19 2278.32
19 2272.00
19 2272.00
19 2232.84
20 2124.40
20 2127.60
20 2168.40
20 2130.40
20 2142.80
20 2142.80
20 2121.60
20 2148.80
20 2184.40
20 2181.20
21 2044.95
21 2042.29
21 2042.29
21 2042.29
21 2042.29
22 1950.91
22 1904.73
21 1982.86
21 1982.86
21 1982.86
21 1982.86
21 1952.00
21 1970.29
22 1916.36
23 1851.48
24 1776.00
24 1776.00
23 1875.48
22 1976.00
22 1976.00
22 1982.55
22 1961.82
22 1940.73
22 1940.73
21 2029.71
20 2160.00
20 2114.00
20 2119.60
20 2096.40
20 2096.40
20 2049.20
20 2035.20
20 1993.20
20 2000.40
20 2000.40
20 2000.40
20 2016.80
20 2067.60
20 2036.40
19 2183.16
19 2155.79
18 2258.22
18 2200.89
18 2197.33
19 2072.00
19 2083.79
20 2000.00
20 2008.00
19 2094.74
18 2174.22
19 2018.95
19 2012.21
20 1921.60
19 2045.05
19 2066.95
19 2066.95
19 2066.95
18 2154.67
19 2074.95
19 2097.68
19 2059.37
19 2059.37
20 1953.60
21 1906.29
21 1906.29
21 1891.43
21 1867.05
21 1853.71
22 1781.82
22 1773.82
22 1785.09
22 1795.27
22 1795.27
22 1795.27
22 1832.73
21 1956.57
21 1956.57
21 2000.38
20 2119.20
20 2161.60
19 2298.53
19 2292.21
19 2237.89
19 2237.89
19 2237.89
19 2274.95
20 2186.80
21 2088.00
21 2040.38
21 2089.52
21 2088.00
21 2093.71
21 2093.71
21 2121.14
21 2112.38
21 2112.38
21 2112.38
21 2112.38
20 2222.00
20 2212.40
20 2212.40
20 2168.00
20 2118.80
20 2118.80
20 2094.40
20 2124.80
20 2124.80
20 2124.80
21 2027.81
21 2027.81
21 2027.81
21 2027.81
22 1968.00
22 1968.00
22 1968.00
22 1967.27
22 1967.27
22 1932.00
22 1926.55
22 1926.55
22 1926.55
21 2026.29
21 2035.05
21 1992.76
21 1992.76
21 1992.76
21 1966.86
21 1946.29
21 1974.86
20 2079.60
20 2076.40
20 2025.60
20 2025.60
20 2025.60
19 2162.53
19 2142.74
20 2016.00
21 1943.62
22 1899.64
22 1852.73
22 1813.09
23 1773.91
23 1741.57
23 1784.35
23 1794.78
23 1794.78
23 1794.78
23 1791.65
24 1709.33
24 1709.33
24 1714.67
24 1717.33
23 1836.52
23 1832.70
23 1799.65
22 1884.36
23 1820.17
23 1794.78
23 1784.70
23 1782.26
23 1798.26
23 1774.26
23 1794.43
23 1794.43
24 1742.33
24 1742.33
24 1737.00
24 1728.33
24 1730.67
24 1731.67
24 1722.67
25 1694.72
26 1610.77
26 1610.77
25 1716.16
25 1680.64
25 1691.20
25 1717.12
24 1759.00
24 1802.00
24 1802.67
25 1737.92
25 1737.92
25 1735.68
24 1817.67
24 1817.67
23 1914.43
23 1914.43
23 1914.43
23 1946.09
23 1930.43
23 1918.61
24 1867.67
23 1957.22
23 1937.39
23 1947.48
23 1969.74
23 1969.74
23 1969.74
23 1984.70
23 1984.70
23 1984.70
23 1976.00
23 2001.39
23 2001.39
22 2070.91
23 1995.83
23 1995.83
23 1992.00
24 1933.00
24 1936.67
24 1931.33
24 1927.00
24 1927.67
24 1927.67
24 1892.67
23 1990.26
23 1955.48
23 1954.09
23 1948.87
23 1971.48
23 1971.48
22 2098.55
22 2079.27
22 2041.09
22 2061.82
22 2061.82
22 2061.82
22 2025.82
22 2025.82
22 2025.82
22 2057.45
22 2033.82
22 2039.27
22 2068.00
22 2068.00
22 2068.00
22 2068.00
22 2049.09
21 2150.10
22 2030.18
22 2011.27
23 1947.13
23 1921.04
23 1900.52
23 1876.87
23 1876.87
22 1978.18
22 1978.18
23 1908.52
23 1908.52
22 2022.91
22 2002.55
22 1997.45
22 2018.18
21 2122.67
22 2026.55
22 2001.45
22 2017.82
22 2061.82
21 2189.71
20 2306.00
20 2280.80
21 2177.52
20 2334.40
19 2479.58
19 2429.47
19 2429.47
19 2456.00
19 2486.32
18 2673.33
18 2673.33
18 2635.11
18 2656.44
18 2676.44
18 2697.33
18 2648.00
18 2671.56
18 2671.56
18 2648.00
17 2801.88
17 2777.41
16 2965.50
16 2903.00
16 2891.50
16 2891.50
16 2901.00
16 2916.50
16 2906.00
16 2957.50
16 2957.50
16 2897.00
16 2895.50
16 2895.50
16 2895.50
16 2895.50
16 2889.00
16 2935.50
17 2743.53
17 2732.71
17 2702.12
17 2661.65
17 2708.24
18 2601.33
18 2611.56
17 2754.35
17 2754.35
16 2936.00
16 2906.50
16 2940.00
16 2934.50
16 2934.50
17 2777.41
17 2759.53
18 2604.89
18 2610.67
18 2576.00
18 2608.89
19 2476.21
19 2468.21
19 2468.21
19 2445.05
19 2445.05
19 2445.05
19 2495.16
19 2478.74
19 2506.11
19 2522.95
19 2577.26
19 2580.21
19 2580.21
19 2529.26
19 2514.11
19 2514.11
19 2503.58
19 2550.32
19 2550.32
20 2458.00
20 2462.00
20 2488.00
19 2644.21
19 2667.37
19 2676.63
19 2680.42
19 2680.42
20 2548.00
19 2713.68
19 2744.42
18 2944.00
18 2953.33
17 3139.29
16 3362.50
16 3338.00
16 3338.00
15 3590.40
15 3531.20
15 3462.40
14 3738.29
14 3780.00
14 3747.43
14 3745.71
14 3736.00
14 3736.00
14 3736.00
14 3736.00
14 3695.43
14 3622.86
15 3389.87
15 3375.47
15 3375.47
14 3617.14
14 3617.14
14 3604.00
14 3604.00
14 3602.29
14 3625.71
14 3573.14
14 3573.14
13 3833.85
13 3770.46
13 3843.69
14 3580.00
14 3561.14
14 3561.14
14 3620.00
15 3369.60
14 3600.57
14 3560.00
14 3530.86
14 3477.71
14 3406.29
14 3376.00
14 3313.71
14 3376.00
15 3136.53
14 3365.71
14 3375.43
14 3375.43
14 3375.43
14 3404.00
14 3331.43
13 3638.77
13 3610.46
14 3394.86
15 3159.47
15 3159.47
15 3159.47
15 3134.40
16 2984.50
17 2819.29
17 2810.35
17 2827.76
17 2774.59
17 2774.59
17 2760.47
17 2760.47
17 2771.29
17 2831.06
17 2773.18
18 2672.00
18 2722.22
18 2669.33
17 2835.29
17 2815.06
17 2815.06
17 2792.00
18 2689.33
18 2689.33
18 2671.11
19 2576.00
19 2576.00
19 2576.00
